2.0000 27554.5000 6414.1656 23019.0000 32090.0000 22.0000 0.0000 22.0000 22.0000 3650.5000 0.7071 3650.0000 3651.0000 1270.0000 0.0000 1270.0000 1270.0000 1312.1190 305.4365 0.0000 15208.0000 0.5000 0.5000 0.0000 1.0000 2.8744 0.0006 2.8740 2.8748
3.0000 20436.3333 13136.8052 6200.0000 32090.0000 21.3333 1.1547 20.0000 22.0000 3650.0000 1.0000 3649.0000 3651.0000 1270.0000 0.0000 1270.0000 1270.0000 983.5180 608.7542 0.0000 15208.0000 1.0000 0.8165 0.0000 2.0000 2.8740 0.0008 2.8732 2.8748
3.0000 18992.6667 11329.4369 6200.0000 27759.0000 23.3333 4.1633 20.0000 28.0000 4132.6667 836.0038 3649.0000 5098.0000 1479.0000 361.9986 1270.0000 1897.0000 816.8566 426.1805 0.0000 15117.0000 1.0000 0.8165 0.0000 2.0000 2.8118 0.1077 2.6874 2.8748
3.0000 18992.6667 11329.4369 6200.0000 27759.0000 23.3333 4.1633 20.0000 28.0000 4132.6667 836.0038 3649.0000 5098.0000 1479.0000 361.9986 1270.0000 1897.0000 816.8566 426.1805 0.0000 15117.0000 1.0000 0.8165 0.0000 2.0000 2.8118 0.1077 2.6874 2.8748
3.0000 18992.6667 11329.4369 6200.0000 27759.0000 23.3333 4.1633 20.0000 28.0000 4132.6667 836.0038 3649.0000 5098.0000 1479.0000 361.9986 1270.0000 1897.0000 816.8566 426.1805 0.0000 15117.0000 1.0000 0.8165 0.0000 2.0000 2.8118 0.1077 2.6874 2.8748
4.0000 14738.5000 9659.4580 6200.0000 27759.0000 22.0000 4.0000 20.0000 28.0000 4012.0000 724.0005 3649.0000 5098.0000 1426.7500 313.5000 1270.0000 1897.0000 667.4883 327.9355 0.0000 15086.0000 0.7500 0.8292 0.0000 2.0000 2.8274 0.0933 2.6874 2.8748
4.0000 14738.5000 9659.4580 6200.0000 27759.0000 22.0000 4.0000 20.0000 28.0000 4012.0000 724.0005 3649.0000 5098.0000 1426.7500 313.5000 1270.0000 1897.0000 667.4883 327.9355 0.0000 15086.0000 0.7500 0.8292 0.0000 2.0000 2.8274 0.0933 2.6874 2.8748
4.0000 15635.7500 8723.2778 8794.0000 27759.0000 22.5000 3.7859 20.0000 28.0000 4012.7500 723.5005 3650.0000 5098.0000 1426.7500 313.5000 1270.0000 1897.0000 702.4451 283.9475 0.0000 15086.0000 0.7500 0.8292 0.0000 2.0000 2.8280 0.0937 2.6874 2.8756
4.0000 17219.2500 11718.2724 8794.0000 34093.0000 21.0000 1.1547 20.0000 22.0000 3650.7500 0.9574 3650.0000 3652.0000 1270.0000 0.0000 1270.0000 1270.0000 851.2863 546.3526 0.0000 14996.0000 0.7500 0.8292 0.0000 2.0000 2.8746 0.0008 2.8740 2.8756
4.0000 17219.2500 11718.2724 8794.0000 34093.0000 21.0000 1.1547 20.0000 22.0000 3650.7500 0.9574 3650.0000 3652.0000 1270.0000 0.0000 1270.0000 1270.0000 851.2863 546.3526 0.0000 14996.0000 0.7500 0.8292 0.0000 2.0000 2.8746 0.0008 2.8740 2.8756
4.0000 17219.2500 11718.2724 8794.0000 34093.0000 21.0000 1.1547 20.0000 22.0000 3650.7500 0.9574 3650.0000 3652.0000 1270.0000 0.0000 1270.0000 1270.0000 851.2863 546.3526 0.0000 14996.0000 0.7500 0.8292 0.0000 2.0000 2.8746 0.0008 2.8740 2.8756
3.0000 30678.3333 19408.6085 9789.0000 48153.0000 22.6667 1.1547 22.0000 24.0000 3651.0000 1.0000 3650.0000 3652.0000 1270.0000 0.0000 1270.0000 1270.0000 1394.4092 837.5649 0.0000 15208.0000 1.0000 0.8165 0.0000 2.0000 2.8748 0.0008 2.8740 2.8756
3.0000 30678.3333 19408.6085 9789.0000 48153.0000 22.6667 1.1547 22.0000 24.0000 3651.0000 1.0000 3650.0000 3652.0000 1270.0000 0.0000 1270.0000 1270.0000 1394.4092 837.5649 0.0000 15208.0000 1.0000 0.8165 0.0000 2.0000 2.8748 0.0008 2.8740 2.8756
2.0000 41123.0000 9941.9213 34093.0000 48153.0000 23.0000 1.4142 22.0000 24.0000 3650.5000 0.7071 3650.0000 3651.0000 1270.0000 0.0000 1270.0000 1270.0000 1858.5424 332.4339 0.0000 15208.0000 0.5000 0.5000 0.0000 1.0000 2.8744 0.0006 2.8740 2.8748
1.0000 48153.0000 0.0000 48153.0000 48153.0000 24.0000 0.0000 24.0000 24.0000 3651.0000 0.0000 3651.0000 3651.0000 1270.0000 0.0000 1270.0000 1270.0000 2093.6087 0.0000 0.0000 15208.0000 1.0000 0.0000 1.0000 1.0000 2.8748 0.0000 2.8748 2.8748
1.0000 48153.0000 0.0000 48153.0000 48153.0000 24.0000 0.0000 24.0000 24.0000 3651.0000 0.0000 3651.0000 3651.0000 1270.0000 0.0000 1270.0000 1270.0000 2093.6087 0.0000 0.0000 15208.0000 1.0000 0.0000 1.0000 1.0000 2.8748 0.0000 2.8748 2.8748
2.0000 30035.5000 25622.0142 11918.0000 48153.0000 27.0000 4.2426 24.0000 30.0000 4374.0000 1022.4764 3651.0000 5097.0000 1583.5000 443.3560 1270.0000 1897.0000 1252.2871 1189.8084 0.0000 15208.0000 0.5000 0.5000 0.0000 1.0000 2.7808 0.1329 2.6869 2.8748
2.0000 12799.0000 1245.9221 11918.0000 13680.0000 25.0000 7.0711 20.0000 30.0000 4373.5000 1023.1835 3650.0000 5097.0000 1583.5000 443.3560 1270.0000 1897.0000 565.4828 218.5204 0.0000 8604.0000 0.5000 0.5000 0.0000 1.0000 2.7804 0.1323 2.6869 2.8740
2.0000 12799.0000 1245.9221 11918.0000 13680.0000 25.0000 7.0711 20.0000 30.0000 4373.5000 1023.1835 3650.0000 5097.0000 1583.5000 443.3560 1270.0000 1897.0000 565.4828 218.5204 0.0000 8604.0000 0.5000 0.5000 0.0000 1.0000 2.7804 0.1323 2.6869 2.8740
3.0000 16437.3333 6363.0629 11918.0000 23714.0000 24.0000 5.2915 20.0000 30.0000 4133.0000 834.8491 3650.0000 5097.0000 1479.0000 361.9986 1270.0000 1897.0000 753.4012 360.2993 0.0000 15177.0000 1.0000 0.8165 0.0000 2.0000 2.8122 0.1085 2.6869 2.8756
3.0000 16437.3333 6363.0629 11918.0000 23714.0000 24.0000 5.2915 20.0000 30.0000 4133.0000 834.8491 3650.0000 5097.0000 1479.0000 361.9986 1270.0000 1897.0000 753.4012 360.2993 0.0000 15177.0000 1.0000 0.8165 0.0000 2.0000 2.8122 0.1085 2.6869 2.8756
4.0000 14657.2500 6298.1875 9317.0000 23714.0000 23.0000 4.7610 20.0000 30.0000 4012.0000 723.3344 3649.0000 5097.0000 1426.7500 313.5000 1270.0000 1897.0000 687.6430 322.2426 0.0000 15177.0000 0.7500 0.8292 0.0000 2.0000 2.8274 0.0937 2.6869 2.8756
4.0000 23323.2500 16636.2000 9317.0000 46582.0000 23.0000 4.7610 20.0000 30.0000 4012.5000 724.3344 3649.0000 5099.0000 1426.7500 313.5000 1270.0000 1897.0000 986.4706 490.4641 0.0000 15177.0000 0.7500 0.8292 0.0000 2.0000 2.8277 0.0932 2.6879 2.8756
3.0000 26537.6667 18792.2824 9317.0000 46582.0000 24.0000 5.2915 20.0000 30.0000 4133.3333 836.2932 3649.0000 5099.0000 1479.0000 361.9986 1270.0000 1897.0000 1075.2941 559.9061 0.0000 15177.0000 1.0000 0.8165 0.0000 2.0000 2.8122 0.1077 2.6879 2.8756
3.0000 26537.6667 18792.2824 9317.0000 46582.0000 24.0000 5.2915 20.0000 30.0000 4133.3333 836.2932 3649.0000 5099.0000 1479.0000 361.9986 1270.0000 1897.0000 1075.2941 559.9061 0.0000 15177.0000 1.0000 0.8165 0.0000 2.0000 2.8122 0.1077 2.6879 2.8756
2.0000 27949.5000 26350.3342 9317.0000 46582.0000 25.0000 7.0711 20.0000 30.0000 4374.0000 1025.3048 3649.0000 5099.0000 1583.5000 443.3560 1270.0000 1897.0000 1048.3221 789.0657 0.0000 15105.0000 0.5000 0.5000 0.0000 1.0000 2.7806 0.1310 2.6879 2.8732
2.0000 27949.5000 26350.3342 9317.0000 46582.0000 25.0000 7.0711 20.0000 30.0000 4374.0000 1025.3048 3649.0000 5099.0000 1583.5000 443.3560 1270.0000 1897.0000 1048.3221 789.0657 0.0000 15105.0000 0.5000 0.5000 0.0000 1.0000 2.7806 0.1310 2.6879 2.8732
2.0000 36168.0000 14727.6200 25754.0000 46582.0000 26.0000 5.6569 22.0000 30.0000 4375.0000 1023.8906 3651.0000 5099.0000 1583.5000 443.3560 1270.0000 1897.0000 1416.3284 268.6263 0.0000 15165.0000 0.5000 0.5000 0.0000 1.0000 2.7814 0.1321 2.6879 2.8748
1.0000 25754.0000 0.0000 25754.0000 25754.0000 22.0000 0.0000 22.0000 22.0000 3651.0000 0.0000 3651.0000 3651.0000 1270.0000 0.0000 1270.0000 1270.0000 1226.3810 0.0000 0.0000 15165.0000 1.0000 0.0000 1.0000 1.0000 2.8748 0.0000 2.8748 2.8748
2.0000 16285.0000 13391.1882 6816.0000 25754.0000 22.0000 0.0000 22.0000 22.0000 3650.5000 0.7071 3650.0000 3651.0000 1270.0000 0.0000 1270.0000 1270.0000 775.4762 637.6756 0.0000 15165.0000 0.5000 0.5000 0.0000 1.0000 2.8744 0.0006 2.8740 2.8748
3.0000 18491.6667 10211.2729 6816.0000 25754.0000 22.0000 0.0000 22.0000 22.0000 3650.6667 0.5774 3650.0000 3651.0000 1270.0000 0.0000 1270.0000 1270.0000 880.5556 486.2511 0.0000 15165.0000 1.0000 0.8165 0.0000 2.0000 2.8745 0.0005 2.8740 2.8748
3.0000 18491.6667 10211.2729 6816.0000 25754.0000 22.0000 0.0000 22.0000 22.0000 3650.6667 0.5774 3650.0000 3651.0000 1270.0000 0.0000 1270.0000 1270.0000 880.5556 486.2511 0.0000 15165.0000 1.0000 0.8165 0.0000 2.0000 2.8745 0.0005 2.8740 2.8748
4.0000 15190.5000 10635.0459 5287.0000 25754.0000 21.5000 1.0000 20.0000 22.0000 3650.0000 1.4142 3648.0000 3651.0000 1270.0000 0.0000 1270.0000 1270.0000 729.9825 498.3129 0.0000 15165.0000 0.7500 0.8292 0.0000 2.0000 2.8740 0.0011 2.8724 2.8748
4.0000 12565.2500 8168.2562 5287.0000 22905.0000 22.0000 1.6330 20.0000 24.0000 4012.2500 725.1677 3648.0000 5100.0000 1426.7500 313.5000 1270.0000 1897.0000 589.1807 375.8097 0.0000 15114.0000 0.7500 0.8292 0.0000 2.0000 2.8274 0.0927 2.6885 2.8748
5.0000 11412.4000 7528.9855 5287.0000 22905.0000 22.0000 1.4142 20.0000 24.0000 3939.6000 648.6843 3648.0000 5100.0000 1395.4000 280.4029 1270.0000 1897.0000 536.1160 346.4159 0.0000 15114.0000 0.8000 0.7483 0.0000 2.0000 2.8366 0.0828 2.6885 2.8748
5.0000 14297.2000 8071.3531 5287.0000 22905.0000 22.0000 1.4142 20.0000 24.0000 3939.4000 648.7960 3648.0000 5100.0000 1395.4000 280.4029 1270.0000 1897.0000 673.4874 376.4414 0.0000 15114.0000 0.8000 0.7483 0.0000 2.0000 2.8364 0.0827 2.6885 2.8748
4.0000 12145.2500 7482.6285 5287.0000 21240.0000 22.0000 1.6330 20.0000 24.0000 4011.5000 725.6668 3648.0000 5100.0000 1426.7500 313.5000 1270.0000 1897.0000 569.1807 341.1913 0.0000 15043.0000 0.7500 0.8292 0.0000 2.0000 2.8268 0.0923 2.6885 2.8732
5.0000 13439.0000 7096.5655 5287.0000 21240.0000 22.0000 1.4142 20.0000 24.0000 3939.6000 648.6851 3648.0000 5100.0000 1395.4000 280.4029 1270.0000 1897.0000 632.6207 327.7680 0.0000 15043.0000 0.8000 0.7483 0.0000 2.0000 2.8366 0.0828 2.6885 2.8756
4.0000 15477.0000 6281.6158 6801.0000 21240.0000 22.5000 1.0000 22.0000 24.0000 4012.5000 725.0014 3649.0000 5100.0000 1426.7500 313.5000 1270.0000 1897.0000 721.2101 301.5326 0.0000 15043.0000 0.7500 0.8292 0.0000 2.0000 2.8276 0.0928 2.6885 2.8756
4.0000 15877.5000 6313.5620 6801.0000 21240.0000 21.5000 1.0000 20.0000 22.0000 3649.7500 1.5000 3649.0000 3652.0000 1270.0000 0.0000 1270.0000 1270.0000 777.1930 307.8866 0.0000 15043.0000 0.7500 0.8292 0.0000 2.0000 2.8738 0.0012 2.8732 2.8756
3.0000 18903.0000 2206.7390 16855.0000 21240.0000 21.3333 1.1547 20.0000 22.0000 3650.0000 1.7321 3649.0000 3652.0000 1270.0000 0.0000 1270.0000 1270.0000 928.3049 71.9881 0.0000 15043.0000 1.0000 0.8165 0.0000 2.0000 2.8740 0.0014 2.8732 2.8756
3.0000 16169.6667 2849.4965 13040.0000 18614.0000 20.6667 1.1547 20.0000 22.0000 3650.6667 1.5275 3649.0000 3652.0000 1270.0000 0.0000 1270.0000 1270.0000 819.9340 115.7173 0.0000 13540.0000 1.0000 0.8165 0.0000 2.0000 2.8745 0.0012 2.8732 2.8756
4.0000 15602.7500 2588.1779 13040.0000 18614.0000 20.5000 1.0000 20.0000 22.0000 3650.5000 1.2910 3649.0000 3652.0000 1270.0000 0.0000 1270.0000 1270.0000 797.8716 104.2785 0.0000 13540.0000 0.7500 0.8292 0.0000 2.0000 2.8744 0.0010 2.8732 2.8756
4.0000 16600.7500 4323.9589 13040.0000 22606.0000 20.5000 1.0000 20.0000 22.0000 3649.7500 0.9574 3649.0000 3651.0000 1270.0000 0.0000 1270.0000 1270.0000 845.3954 176.4224 0.0000 15104.0000 0.7500 0.8292 0.0000 2.0000 2.8738 0.0008 2.8732 2.8748
4.0000 16600.7500 4323.9589 13040.0000 22606.0000 20.5000 1.0000 20.0000 22.0000 3649.7500 0.9574 3649.0000 3651.0000 1270.0000 0.0000 1270.0000 1270.0000 845.3954 176.4224 0.0000 15104.0000 0.7500 0.8292 0.0000 2.0000 2.8738 0.0008 2.8732 2.8748
3.0000 16516.0000 5291.6761 13040.0000 22606.0000 20.6667 1.1547 20.0000 22.0000 3650.0000 1.0000 3649.0000 3651.0000 1270.0000 0.0000 1270.0000 1270.0000 831.4921 213.3717 0.0000 15104.0000 1.0000 0.8165 0.0000 2.0000 2.8740 0.0008 2.8732 2.8748
4.0000 22080.7500 11938.7462 13040.0000 38775.0000 21.5000 1.9149 20.0000 24.0000 3649.5000 1.2910 3648.0000 3651.0000 1270.0000 0.0000 1270.0000 1270.0000 1045.0864 461.3479 0.0000 15106.0000 0.7500 0.8292 0.0000 2.0000 2.8736 0.0010 2.8724 2.8748
3.0000 25094.3333 12621.8218 13902.0000 38775.0000 22.0000 2.0000 20.0000 24.0000 3649.0000 1.0000 3648.0000 3650.0000 1270.0000 0.0000 1270.0000 1270.0000 1164.6767 483.1686 0.0000 15106.0000 1.0000 0.8165 0.0000 2.0000 2.8732 0.0008 2.8724 2.8740
2.0000 30690.5000 11433.2095 22606.0000 38775.0000 23.0000 1.4142 22.0000 24.0000 3648.5000 0.7071 3648.0000 3649.0000 1270.0000 0.0000 1270.0000 1270.0000 1381.1729 430.9062 0.0000 15106.0000 0.5000 0.5000 0.0000 1.0000 2.8728 0.0006 2.8724 2.8732
1.0000 38775.0000 0.0000 38775.0000 38775.0000 24.0000 0.0000 24.0000 24.0000 3648.0000 0.0000 3648.0000 3648.0000 1270.0000 0.0000 1270.0000 1270.0000 1685.8696 0.0000 0.0000 15106.0000 1.0000 0.0000 1.0000 1.0000 2.8724 0.0000 2.8724 2.8724
2.0000 34777.5000 5653.3187 30780.0000 38775.0000 23.0000 1.4142 22.0000 24.0000 3649.0000 1.4142 3648.0000 3650.0000 1270.0000 0.0000 1270.0000 1270.0000 1575.7919 155.6733 0.0000 15157.0000 0.5000 0.5000 0.0000 1.0000 2.8732 0.0011 2.8724 2.8740
2.0000 34777.5000 5653.3187 30780.0000 38775.0000 23.0000 1.4142 22.0000 24.0000 3649.0000 1.4142 3648.0000 3650.0000 1270.0000 0.0000 1270.0000 1270.0000 1575.7919 155.6733 0.0000 15157.0000 0.5000 0.5000 0.0000 1.0000 2.8732 0.0011 2.8724 2.8740
1.0000 30780.0000 0.0000 30780.0000 30780.0000 22.0000 0.0000 22.0000 22.0000 3650.0000 0.0000 3650.0000 3650.0000 1270.0000 0.0000 1270.0000 1270.0000 1465.7143 0.0000 0.0000 15157.0000 1.0000 0.0000 1.0000 1.0000 2.8740 0.0000 2.8740 2.8740
2.0000 34956.0000 5905.7558 30780.0000 39132.0000 23.0000 1.4142 22.0000 24.0000 3650.5000 0.7071 3650.0000 3651.0000 1270.0000 0.0000 1270.0000 1270.0000 1583.5528 166.6488 0.0000 15157.0000 0.5000 0.5000 0.0000 1.0000 2.8744 0.0006 2.8740 2.8748
2.0000 34956.0000 5905.7558 30780.0000 39132.0000 23.0000 1.4142 22.0000 24.0000 3650.5000 0.7071 3650.0000 3651.0000 1270.0000 0.0000 1270.0000 1270.0000 1583.5528 166.6488 0.0000 15157.0000 0.5000 0.5000 0.0000 1.0000 2.8744 0.0006 2.8740 2.8748
2.0000 34956.0000 5905.7558 30780.0000 39132.0000 23.0000 1.4142 22.0000 24.0000 3650.5000 0.7071 3650.0000 3651.0000 1270.0000 0.0000 1270.0000 1270.0000 1583.5528 166.6488 0.0000 15157.0000 0.5000 0.5000 0.0000 1.0000 2.8744 0.0006 2.8740 2.8748
1.0000 39132.0000 0.0000 39132.0000 39132.0000 24.0000 0.0000 24.0000 24.0000 3651.0000 0.0000 3651.0000 3651.0000 1270.0000 0.0000 1270.0000 1270.0000 1701.3913 0.0000 0.0000 15110.0000 1.0000 0.0000 1.0000 1.0000 2.8748 0.0000 2.8748 2.8748
2.0000 40703.0000 2221.7295 39132.0000 42274.0000 25.0000 1.4142 24.0000 26.0000 3650.0000 1.4142 3649.0000 3651.0000 1270.0000 0.0000 1270.0000 1270.0000 1696.1757 7.3760 0.0000 15141.0000 0.5000 0.5000 0.0000 1.0000 2.8740 0.0011 2.8732 2.8748
2.0000 40703.0000 2221.7295 39132.0000 42274.0000 25.0000 1.4142 24.0000 26.0000 3650.0000 1.4142 3649.0000 3651.0000 1270.0000 0.0000 1270.0000 1270.0000 1696.1757 7.3760 0.0000 15141.0000 0.5000 0.5000 0.0000 1.0000 2.8740 0.0011 2.8732 2.8748
1.0000 42274.0000 0.0000 42274.0000 42274.0000 26.0000 0.0000 26.0000 26.0000 3649.0000 0.0000 3649.0000 3649.0000 1270.0000 0.0000 1270.0000 1270.0000 1690.9600 0.0000 0.0000 15141.0000 1.0000 0.0000 1.0000 1.0000 2.8732 0.0000 2.8732 2.8732
1.0000 42274.0000 0.0000 42274.0000 42274.0000 26.0000 0.0000 26.0000 26.0000 3649.0000 0.0000 3649.0000 3649.0000 1270.0000 0.0000 1270.0000 1270.0000 1690.9600 0.0000 0.0000 15141.0000 1.0000 0.0000 1.0000 1.0000 2.8732 0.0000 2.8732 2.8732
2.0000 25955.0000 23078.5511 9636.0000 42274.0000 23.5000 3.5355 21.0000 26.0000 3649.0000 0.0000 3649.0000 3649.0000 1270.0000 0.0000 1270.0000 1270.0000 1086.3800 855.0052 0.0000 15141.0000 0.5000 0.5000 0.0000 1.0000 2.8732 0.0000 2.8732 2.8732
3.0000 24140.0000 16619.0384 9636.0000 42274.0000 25.0000 3.6056 21.0000 28.0000 4132.3333 837.1579 3649.0000 5099.0000 1479.0000 361.9986 1270.0000 1897.0000 977.4632 633.3290 0.0000 15141.0000 1.0000 0.8165 0.0000 2.0000 2.8115 0.1070 2.6879 2.8732
2.0000 15073.0000 7689.0791 9636.0000 20510.0000 24.5000 4.9497 21.0000 28.0000 4374.0000 1025.3048 3649.0000 5099.0000 1583.5000 443.3560 1270.0000 1897.0000 620.7148 196.4552 0.0000 12139.0000 0.5000 0.5000 0.0000 1.0000 2.7806 0.1310 2.6879 2.8732
3.0000 17746.3333 7141.5056 9636.0000 23093.0000 24.3333 3.5119 21.0000 28.0000 4132.6667 836.8694 3649.0000 5099.0000 1479.0000 361.9986 1270.0000 1897.0000 748.4910 261.2999 0.0000 15173.0000 1.0000 0.8165 0.0000 2.0000 2.8117 0.1072 2.6879 2.8740
3.0000 17746.3333 7141.5056 9636.0000 23093.0000 24.3333 3.5119 21.0000 28.0000 4132.6667 836.8694 3649.0000 5099.0000 1479.0000 361.9986 1270.0000 1897.0000 748.4910 261.2999 0.0000 15173.0000 1.0000 0.8165 0.0000 2.0000 2.8117 0.1072 2.6879 2.8740
4.0000 19143.7500 6466.2066 9636.0000 23336.0000 24.5000 2.8868 21.0000 28.0000 4012.0000 724.6668 3649.0000 5099.0000 1426.7500 313.5000 1270.0000 1897.0000 804.4516 240.9248 0.0000 15173.0000 0.7500 0.8292 0.0000 2.0000 2.8273 0.0929 2.6879 2.8740
3.0000 22313.0000 1566.1638 20510.0000 23336.0000 25.6667 2.0817 24.0000 28.0000 4133.0000 836.5805 3650.0000 5099.0000 1479.0000 361.9986 1270.0000 1897.0000 912.0021 132.9076 0.0000 15173.0000 1.0000 0.8165 0.0000 2.0000 2.8120 0.1074 2.6879 2.8740
3.0000 21267.3333 3374.7794 17373.0000 23336.0000 23.6667 1.5275 22.0000 25.0000 3650.0000 0.0000 3650.0000 3650.0000 1270.0000 0.0000 1270.0000 1270.0000 934.5542 94.2405 0.0000 15173.0000 1.0000 0.8165 0.0000 2.0000 2.8740 0.0000 2.8740 2.8740
3.0000 21267.3333 3374.7794 17373.0000 23336.0000 23.6667 1.5275 22.0000 25.0000 3650.0000 0.0000 3650.0000 3650.0000 1270.0000 0.0000 1270.0000 1270.0000 934.5542 94.2405 0.0000 15173.0000 1.0000 0.8165 0.0000 2.0000 2.8740 0.0000 2.8740 2.8740
3.0000 16389.6667 7486.5915 8460.0000 23336.0000 22.3333 2.5166 20.0000 25.0000 3650.3333 0.5774 3650.0000 3651.0000 1270.0000 0.0000 1270.0000 1270.0000 748.2941 272.2692 0.0000 15058.0000 1.0000 0.8165 0.0000 2.0000 2.8743 0.0005 2.8740 2.8748
4.0000 17818.7500 6747.9739 8460.0000 23336.0000 23.2500 2.7538 20.0000 26.0000 4012.5000 724.3335 3650.0000 5099.0000 1426.7500 313.5000 1270.0000 1897.0000 782.2806 232.4665 0.0000 15068.0000 0.7500 0.8292 0.0000 2.0000 2.8277 0.0932 2.6879 2.8748
3.0000 15979.6667 6928.8789 8460.0000 22106.0000 22.6667 3.0551 20.0000 26.0000 4133.3333 836.2920 3650.0000 5099.0000 1479.0000 361.9986 1270.0000 1897.0000 718.9296 238.7068 0.0000 15068.0000 1.0000 0.8165 0.0000 2.0000 2.8122 0.1077 2.6879 2.8748
4.0000 17326.0000 6265.5164 8460.0000 22106.0000 22.5000 2.5166 20.0000 26.0000 4012.5000 724.3335 3650.0000 5099.0000 1426.7500 313.5000 1270.0000 1897.0000 793.5425 245.4702 0.0000 15068.0000 0.7500 0.8292 0.0000 2.0000 2.8277 0.0932 2.6879 2.8748
3.0000 17310.3333 7673.5631 8460.0000 22106.0000 22.6667 3.0551 20.0000 26.0000 4133.3333 836.2920 3650.0000 5099.0000 1479.0000 361.9986 1270.0000 1897.0000 782.2947 299.3732 0.0000 15068.0000 1.0000 0.8165 0.0000 2.0000 2.8122 0.1077 2.6879 2.8748
4.0000 18780.0000 6920.6498 8460.0000 23189.0000 23.5000 3.0000 20.0000 26.0000 4374.5000 836.0034 3650.0000 5099.0000 1583.5000 361.9986 1270.0000 1897.0000 818.6110 255.0001 0.0000 15068.0000 0.7500 0.8292 0.0000 2.0000 2.7810 0.1078 2.6874 2.8748
3.0000 22220.0000 917.3282 21365.0000 23189.0000 24.6667 2.3094 22.0000 26.0000 4615.6667 836.2920 3650.0000 5099.0000 1688.0000 361.9986 1270.0000 1897.0000 943.0603 67.9104 0.0000 15068.0000 1.0000 0.8165 0.0000 2.0000 2.7498 0.1076 2.6874 2.8740
2.0000 22277.0000 1289.7628 21365.0000 23189.0000 24.0000 2.8284 22.0000 26.0000 4374.0000 1023.8906 3650.0000 5098.0000 1583.5000 443.3560 1270.0000 1897.0000 972.4705 63.5130 0.0000 14998.0000 0.5000 0.5000 0.0000 1.0000 2.7807 0.1320 2.6874 2.8740
3.0000 22839.6667 1334.7379 21365.0000 23965.0000 23.3333 2.3094 22.0000 26.0000 4133.3333 835.4264 3650.0000 5098.0000 1479.0000 361.9986 1270.0000 1897.0000 1028.7105 107.2649 0.0000 14998.0000 1.0000 0.8165 0.0000 2.0000 2.8123 0.1082 2.6874 2.8756
2.0000 23577.0000 548.7149 23189.0000 23965.0000 24.0000 2.8284 22.0000 26.0000 4375.0000 1022.4764 3652.0000 5098.0000 1583.5000 443.3560 1270.0000 1897.0000 1034.3752 151.0596 0.0000 14988.0000 0.5000 0.5000 0.0000 1.0000 2.7815 0.1331 2.6874 2.8756
3.0000 19960.0000 6276.8313 12726.0000 23965.0000 22.6667 3.0551 20.0000 26.0000 4133.0000 835.7159 3649.0000 5098.0000 1479.0000 361.9986 1270.0000 1897.0000 912.8466 236.0447 0.0000 14988.0000 1.0000 0.8165 0.0000 2.0000 2.8121 0.1080 2.6874 2.8756
3.0000 20785.0000 7030.8080 12726.0000 25664.0000 21.3333 1.1547 20.0000 22.0000 3650.6667 1.5275 3649.0000 3652.0000 1270.0000 0.0000 1270.0000 1270.0000 1011.0251 298.2745 0.0000 15156.0000 1.0000 0.8165 0.0000 2.0000 2.8745 0.0012 2.8732 2.8756
3.0000 20785.0000 7030.8080 12726.0000 25664.0000 21.3333 1.1547 20.0000 22.0000 3650.6667 1.5275 3649.0000 3652.0000 1270.0000 0.0000 1270.0000 1270.0000 1011.0251 298.2745 0.0000 15156.0000 1.0000 0.8165 0.0000 2.0000 2.8745 0.0012 2.8732 2.8756
3.0000 20785.0000 7030.8080 12726.0000 25664.0000 21.3333 1.1547 20.0000 22.0000 3650.6667 1.5275 3649.0000 3652.0000 1270.0000 0.0000 1270.0000 1270.0000 1011.0251 298.2745 0.0000 15156.0000 1.0000 0.8165 0.0000 2.0000 2.8745 0.0012 2.8732 2.8756
3.0000 20245.3333 6719.9376 12726.0000 25664.0000 22.6667 3.0551 20.0000 26.0000 4133.0000 836.5811 3649.0000 5099.0000 1479.0000 361.9986 1270.0000 1897.0000 928.5749 277.7864 0.0000 15156.0000 1.0000 0.8165 0.0000 2.0000 2.8120 0.1074 2.6879 2.8748
3.0000 20245.3333 6719.9376 12726.0000 25664.0000 22.6667 3.0551 20.0000 26.0000 4133.0000 836.5811 3649.0000 5099.0000 1479.0000 361.9986 1270.0000 1897.0000 928.5749 277.7864 0.0000 15156.0000 1.0000 0.8165 0.0000 2.0000 2.8120 0.1074 2.6879 2.8748
3.0000 20403.0000 6455.6559 13199.0000 25664.0000 22.6667 3.0551 20.0000 26.0000 4134.0000 835.7147 3651.0000 5099.0000 1479.0000 361.9986 1270.0000 1897.0000 936.8731 266.3259 0.0000 15156.0000 1.0000 0.8165 0.0000 2.0000 2.8128 0.1081 2.6879 2.8756
3.0000 18993.3333 5038.6709 13199.0000 22346.0000 22.6667 3.0551 20.0000 26.0000 4133.6667 836.0038 3650.0000 5099.0000 1479.0000 361.9986 1270.0000 1897.0000 869.7462 164.3450 0.0000 15136.0000 1.0000 0.8165 0.0000 2.0000 2.8125 0.1079 2.6879 2.8756
3.0000 18993.3333 5038.6709 13199.0000 22346.0000 22.6667 3.0551 20.0000 26.0000 4133.6667 836.0038 3650.0000 5099.0000 1479.0000 361.9986 1270.0000 1897.0000 869.7462 164.3450 0.0000 15136.0000 1.0000 0.8165 0.0000 2.0000 2.8125 0.1079 2.6879 2.8756
3.0000 18993.3333 5038.6709 13199.0000 22346.0000 22.6667 3.0551 20.0000 26.0000 4133.6667 836.0038 3650.0000 5099.0000 1479.0000 361.9986 1270.0000 1897.0000 869.7462 164.3450 0.0000 15136.0000 1.0000 0.8165 0.0000 2.0000 2.8125 0.1079 2.6879 2.8756
3.0000 20280.0000 6579.9720 13199.0000 26206.0000 21.3333 1.1547 20.0000 22.0000 3650.0000 2.0000 3648.0000 3652.0000 1270.0000 0.0000 1270.0000 1270.0000 987.7678 278.0780 0.0000 15203.0000 1.0000 0.8165 0.0000 2.0000 2.8740 0.0016 2.8724 2.8756
3.0000 20280.0000 6579.9720 13199.0000 26206.0000 21.3333 1.1547 20.0000 22.0000 3650.0000 2.0000 3648.0000 3652.0000 1270.0000 0.0000 1270.0000 1270.0000 987.7678 278.0780 0.0000 15203.0000 1.0000 0.8165 0.0000 2.0000 2.8740 0.0016 2.8724 2.8756
3.0000 27924.3333 7497.6633 21435.0000 36132.0000 23.3333 2.3094 22.0000 26.0000 3649.0000 1.0000 3648.0000 3650.0000 1270.0000 0.0000 1270.0000 1270.0000 1237.9663 212.4573 0.0000 15203.0000 1.0000 0.8165 0.0000 2.0000 2.8732 0.0008 2.8724 2.8740
2.0000 31169.0000 7018.7419 26206.0000 36132.0000 24.0000 2.8284 22.0000 26.0000 3648.5000 0.7071 3648.0000 3649.0000 1270.0000 0.0000 1270.0000 1270.0000 1346.5924 139.5654 0.0000 15203.0000 0.5000 0.5000 0.0000 1.0000 2.8728 0.0006 2.8724 2.8732
2.0000 31169.0000 7018.7419 26206.0000 36132.0000 24.0000 2.8284 22.0000 26.0000 3648.5000 0.7071 3648.0000 3649.0000 1270.0000 0.0000 1270.0000 1270.0000 1346.5924 139.5654 0.0000 15203.0000 0.5000 0.5000 0.0000 1.0000 2.8728 0.0006 2.8724 2.8732
2.0000 31169.0000 7018.7419 26206.0000 36132.0000 24.0000 2.8284 22.0000 26.0000 3648.5000 0.7071 3648.0000 3649.0000 1270.0000 0.0000 1270.0000 1270.0000 1346.5924 139.5654 0.0000 15203.0000 0.5000 0.5000 0.0000 1.0000 2.8728 0.0006 2.8724 2.8732
2.0000 23957.0000 17218.0501 11782.0000 36132.0000 25.0000 1.4142 24.0000 26.0000 4372.5000 1023.1835 3649.0000 5096.0000 1583.5000 443.3560 1270.0000 1897.0000 978.7704 659.7442 0.0000 15114.0000 0.5000 0.5000 0.0000 1.0000 2.7798 0.1321 2.6863 2.8732
3.0000 32565.6667 19249.8844 11782.0000 49783.0000 25.3333 1.1547 24.0000 26.0000 4131.3333 835.4258 3649.0000 5096.0000 1479.0000 361.9986 1270.0000 1897.0000 1316.2870 747.9194 0.0000 15114.0000 1.0000 0.8165 0.0000 2.0000 2.8109 0.1079 2.6863 2.8732
2.0000 30782.5000 26870.7648 11782.0000 49783.0000 25.0000 1.4142 24.0000 26.0000 4372.5000 1023.1835 3649.0000 5096.0000 1583.5000 443.3560 1270.0000 1897.0000 1251.7904 1045.8527 0.0000 15103.0000 0.5000 0.5000 0.0000 1.0000 2.7798 0.1321 2.6863 2.8732
2.0000 30782.5000 26870.7648 11782.0000 49783.0000 25.0000 1.4142 24.0000 26.0000 4372.5000 1023.1835 3649.0000 5096.0000 1583.5000 443.3560 1270.0000 1897.0000 1251.7904 1045.8527 0.0000 15103.0000 0.5000 0.5000 0.0000 1.0000 2.7798 0.1321 2.6863 2.8732
2.0000 30782.5000 26870.7648 11782.0000 49783.0000 25.0000 1.4142 24.0000 26.0000 4372.5000 1023.1835 3649.0000 5096.0000 1583.5000 443.3560 1270.0000 1897.0000 1251.7904 1045.8527 0.0000 15103.0000 0.5000 0.5000 0.0000 1.0000 2.7798 0.1321 2.6863 2.8732
2.0000 30782.5000 26870.7648 11782.0000 49783.0000 25.0000 1.4142 24.0000 26.0000 4372.5000 1023.1835 3649.0000 5096.0000 1583.5000 443.3560 1270.0000 1897.0000 1251.7904 1045.8527 0.0000 15103.0000 0.5000 0.5000 0.0000 1.0000 2.7798 0.1321 2.6863 2.8732
2.0000 46259.0000 4983.6886 42735.0000 49783.0000 25.0000 1.4142 24.0000 26.0000 3649.5000 0.7071 3649.0000 3650.0000 1270.0000 0.0000 1270.0000 1270.0000 1924.6817 94.2407 0.0000 15172.0000 0.5000 0.5000 0.0000 1.0000 2.8736 0.0006 2.8732 2.8740
1.0000 42735.0000 0.0000 42735.0000 42735.0000 24.0000 0.0000 24.0000 24.0000 3650.0000 0.0000 3650.0000 3650.0000 1270.0000 0.0000 1270.0000 1270.0000 1858.0435 0.0000 0.0000 15172.0000 1.0000 0.0000 1.0000 1.0000 2.8740 0.0000 2.8740 2.8740
1.0000 42735.0000 0.0000 42735.0000 42735.0000 24.0000 0.0000 24.0000 24.0000 3650.0000 0.0000 3650.0000 3650.0000 1270.0000 0.0000 1270.0000 1270.0000 1858.0435 0.0000 0.0000 15172.0000 1.0000 0.0000 1.0000 1.0000 2.8740 0.0000 2.8740 2.8740
1.0000 42735.0000 0.0000 42735.0000 42735.0000 24.0000 0.0000 24.0000 24.0000 3650.0000 0.0000 3650.0000 3650.0000 1270.0000 0.0000 1270.0000 1270.0000 1858.0435 0.0000 0.0000 15172.0000 1.0000 0.0000 1.0000 1.0000 2.8740 0.0000 2.8740 2.8740
2.0000 27822.5000 21089.4597 12910.0000 42735.0000 22.0000 2.8284 20.0000 24.0000 3649.5000 0.7071 3649.0000 3650.0000 1270.0000 0.0000 1270.0000 1270.0000 1268.7586 833.3747 0.0000 15172.0000 0.5000 0.5000 0.0000 1.0000 2.8736 0.0006 2.8732 2.8740
2.0000 27822.5000 21089.4597 12910.0000 42735.0000 22.0000 2.8284 20.0000 24.0000 3649.5000 0.7071 3649.0000 3650.0000 1270.0000 0.0000 1270.0000 1270.0000 1268.7586 833.3747 0.0000 15172.0000 0.5000 0.5000 0.0000 1.0000 2.8736 0.0006 2.8732 2.8740
2.0000 21550.5000 12219.5123 12910.0000 30191.0000 24.0000 5.6569 20.0000 28.0000 4373.5000 1024.5977 3649.0000 5098.0000 1583.5000 443.3560 1270.0000 1897.0000 898.8294 310.2159 0.0000 14962.0000 0.5000 0.5000 0.0000 1.0000 2.7803 0.1314 2.6874 2.8732
2.0000 21550.5000 12219.5123 12910.0000 30191.0000 24.0000 5.6569 20.0000 28.0000 4373.5000 1024.5977 3649.0000 5098.0000 1583.5000 443.3560 1270.0000 1897.0000 898.8294 310.2159 0.0000 14962.0000 0.5000 0.5000 0.0000 1.0000 2.7803 0.1314 2.6874 2.8732
2.0000 21550.5000 12219.5123 12910.0000 30191.0000 24.0000 5.6569 20.0000 28.0000 4373.5000 1024.5977 3649.0000 5098.0000 1583.5000 443.3560 1270.0000 1897.0000 898.8294 310.2159 0.0000 14962.0000 0.5000 0.5000 0.0000 1.0000 2.7803 0.1314 2.6874 2.8732
3.0000 25546.3333 11070.6049 12910.0000 33538.0000 25.3333 4.6188 20.0000 28.0000 4614.0000 835.7159 3649.0000 5098.0000 1688.0000 361.9986 1270.0000 1897.0000 1013.2690 295.6454 0.0000 15074.0000 1.0000 0.8165 0.0000 2.0000 2.7488 0.1077 2.6858 2.8732
2.0000 31864.5000 2366.6864 30191.0000 33538.0000 28.0000 0.0000 28.0000 28.0000 5096.5000 2.1213 5095.0000 5098.0000 1897.0000 0.0000 1897.0000 1897.0000 1180.1667 87.6551 0.0000 15074.0000 0.5000 0.5000 0.0000 1.0000 2.6866 0.0011 2.6858 2.6874
2.0000 31864.5000 2366.6864 30191.0000 33538.0000 28.0000 0.0000 28.0000 28.0000 5096.5000 2.1213 5095.0000 5098.0000 1897.0000 0.0000 1897.0000 1897.0000 1180.1667 87.6551 0.0000 15074.0000 0.5000 0.5000 0.0000 1.0000 2.6866 0.0011 2.6858 2.6874
2.0000 27251.0000 8891.1607 20964.0000 33538.0000 25.0000 4.2426 22.0000 28.0000 4372.5000 1021.7693 3650.0000 5095.0000 1583.5000 443.3560 1270.0000 1897.0000 1120.2169 172.4368 0.0000 15099.0000 0.5000 0.5000 0.0000 1.0000 2.7799 0.1331 2.6858 2.8740
2.0000 27251.0000 8891.1607 20964.0000 33538.0000 25.0000 4.2426 22.0000 28.0000 4372.5000 1021.7693 3650.0000 5095.0000 1583.5000 443.3560 1270.0000 1897.0000 1120.2169 172.4368 0.0000 15099.0000 0.5000 0.5000 0.0000 1.0000 2.7799 0.1331 2.6858 2.8740
3.0000 22688.3333 10098.5222 13563.0000 33538.0000 24.0000 3.4641 22.0000 28.0000 4132.0000 833.9826 3650.0000 5095.0000 1479.0000 361.9986 1270.0000 1897.0000 962.0970 299.7882 0.0000 15099.0000 1.0000 0.8165 0.0000 2.0000 2.8115 0.1089 2.6858 2.8748
3.0000 21794.0000 8675.8280 13563.0000 30855.0000 22.0000 0.0000 22.0000 22.0000 3650.0000 1.0000 3649.0000 3651.0000 1270.0000 0.0000 1270.0000 1270.0000 1037.8095 413.1347 0.0000 15149.0000 1.0000 0.8165 0.0000 2.0000 2.8740 0.0008 2.8732 2.8748
3.0000 21794.0000 8675.8280 13563.0000 30855.0000 22.0000 0.0000 22.0000 22.0000 3650.0000 1.0000 3649.0000 3651.0000 1270.0000 0.0000 1270.0000 1270.0000 1037.8095 413.1347 0.0000 15149.0000 1.0000 0.8165 0.0000 2.0000 2.8740 0.0008 2.8732 2.8748
3.0000 21794.0000 8675.8280 13563.0000 30855.0000 22.0000 0.0000 22.0000 22.0000 3650.0000 1.0000 3649.0000 3651.0000 1270.0000 0.0000 1270.0000 1270.0000 1037.8095 413.1347 0.0000 15149.0000 1.0000 0.8165 0.0000 2.0000 2.8740 0.0008 2.8732 2.8748
2.0000 22209.0000 12227.2905 13563.0000 30855.0000 22.0000 0.0000 22.0000 22.0000 3650.0000 1.4142 3649.0000 3651.0000 1270.0000 0.0000 1270.0000 1270.0000 1057.5714 582.2519 0.0000 15149.0000 0.5000 0.5000 0.0000 1.0000 2.8740 0.0011 2.8732 2.8748
4.0000 21120.7500 13327.1206 6274.0000 33791.0000 24.0000 5.4160 20.0000 32.0000 4012.7500 724.8339 3649.0000 5100.0000 1426.7500 313.5000 1270.0000 1897.0000 883.8464 499.4675 0.0000 15165.0000 0.7500 0.8292 0.0000 2.0000 2.8278 0.0929 2.6885 2.8748
3.0000 23640.0000 15110.8733 6274.0000 33791.0000 24.6667 6.4291 20.0000 32.0000 4133.3333 837.1585 3649.0000 5100.0000 1479.0000 361.9986 1270.0000 1897.0000 963.1762 580.0366 0.0000 15165.0000 1.0000 0.8165 0.0000 2.0000 2.8122 0.1071 2.6885 2.8748
2.0000 20032.5000 19457.4573 6274.0000 33791.0000 26.0000 8.4853 20.0000 32.0000 4375.5000 1024.5977 3651.0000 5100.0000 1583.5000 443.3560 1270.0000 1897.0000 710.1214 537.2751 0.0000 15165.0000 0.5000 0.5000 0.0000 1.0000 2.7816 0.1318 2.6885 2.8748
2.0000 20032.5000 19457.4573 6274.0000 33791.0000 26.0000 8.4853 20.0000 32.0000 4375.5000 1024.5977 3651.0000 5100.0000 1583.5000 443.3560 1270.0000 1897.0000 710.1214 537.2751 0.0000 15165.0000 0.5000 0.5000 0.0000 1.0000 2.7816 0.1318 2.6885 2.8748
3.0000 20263.0000 13764.2912 6274.0000 33791.0000 25.3333 6.1101 20.0000 32.0000 4133.3333 837.1585 3649.0000 5100.0000 1479.0000 361.9986 1270.0000 1897.0000 773.7621 395.5789 0.0000 15165.0000 1.0000 0.8165 0.0000 2.0000 2.8122 0.1071 2.6885 2.8748
3.0000 20263.0000 13764.2912 6274.0000 33791.0000 25.3333 6.1101 20.0000 32.0000 4133.3333 837.1585 3649.0000 5100.0000 1479.0000 361.9986 1270.0000 1897.0000 773.7621 395.5789 0.0000 15165.0000 1.0000 0.8165 0.0000 2.0000 2.8122 0.1071 2.6885 2.8748
3.0000 16344.0000 9529.4734 5412.0000 22896.0000 23.3333 1.1547 22.0000 24.0000 4132.0000 835.7147 3649.0000 5097.0000 1479.0000 361.9986 1270.0000 1897.0000 742.2112 449.0758 0.0000 15128.0000 1.0000 0.8165 0.0000 2.0000 2.8114 0.1078 2.6869 2.8740
3.0000 16344.0000 9529.4734 5412.0000 22896.0000 23.3333 1.1547 22.0000 24.0000 4132.0000 835.7147 3649.0000 5097.0000 1479.0000 361.9986 1270.0000 1897.0000 742.2112 449.0758 0.0000 15128.0000 1.0000 0.8165 0.0000 2.0000 2.8114 0.1078 2.6869 2.8740
4.0000 13722.5000 9382.4104 5412.0000 22896.0000 23.0000 1.1547 22.0000 24.0000 4011.7500 723.5005 3649.0000 5097.0000 1426.7500 313.5000 1270.0000 1897.0000 626.3965 433.7029 0.0000 15128.0000 0.7500 0.8292 0.0000 2.0000 2.8272 0.0936 2.6869 2.8748
5.0000 14335.4000 8240.1730 5412.0000 22896.0000 22.8000 1.0954 22.0000 24.0000 3939.4000 647.1185 3649.0000 5097.0000 1395.4000 280.4029 1270.0000 1897.0000 660.9934 383.4819 0.0000 15128.0000 0.8000 0.7483 0.0000 2.0000 2.8366 0.0837 2.6869 2.8748
4.0000 12738.2500 8574.8477 5412.0000 22896.0000 22.5000 1.0000 22.0000 24.0000 4012.0000 723.3335 3650.0000 5097.0000 1426.7500 313.5000 1270.0000 1897.0000 600.9808 414.8106 0.0000 15107.0000 0.7500 0.8292 0.0000 2.0000 2.8274 0.0937 2.6869 2.8748
5.0000 14227.0000 8138.0522 5412.0000 22896.0000 22.0000 1.4142 20.0000 24.0000 3939.6000 647.0064 3650.0000 5097.0000 1395.4000 280.4029 1270.0000 1897.0000 693.2268 414.2432 0.0000 15110.0000 0.8000 0.7483 0.0000 2.0000 2.8367 0.0838 2.6869 2.8748
3.0000 14275.6667 7484.9409 5858.0000 20182.0000 21.3333 1.1547 20.0000 22.0000 3650.3333 0.5774 3650.0000 3651.0000 1270.0000 0.0000 1270.0000 1270.0000 713.5146 398.6265 0.0000 15110.0000 1.0000 0.8165 0.0000 2.0000 2.8743 0.0005 2.8740 2.8748
4.0000 15670.0000 6717.6054 5858.0000 20182.0000 21.0000 1.1547 20.0000 22.0000 3650.0000 0.8165 3649.0000 3651.0000 1270.0000 0.0000 1270.0000 1270.0000 796.3596 365.2240 0.0000 15110.0000 0.7500 0.8292 0.0000 2.0000 2.8740 0.0006 2.8732 2.8748
3.0000 18940.6667 1872.3702 16787.0000 20182.0000 20.6667 1.1547 20.0000 22.0000 3649.6667 0.5774 3649.0000 3650.0000 1270.0000 0.0000 1270.0000 1270.0000 968.8287 147.0013 0.0000 15110.0000 1.0000 0.8165 0.0000 2.0000 2.8738 0.0005 2.8732 2.8740
4.0000 16893.0000 6981.5234 6450.0000 21087.0000 24.5000 9.0000 20.0000 38.0000 4374.5000 1449.6667 3649.0000 6549.0000 1583.5000 627.0000 1270.0000 2524.0000 754.1245 358.3905 0.0000 15110.0000 0.7500 0.8292 0.0000 2.0000 2.8040 0.1395 2.5947 2.8740
4.0000 16893.0000 6981.5234 6450.0000 21087.0000 24.5000 9.0000 20.0000 38.0000 4374.5000 1449.6667 3649.0000 6549.0000 1583.5000 627.0000 1270.0000 2524.0000 754.1245 358.3905 0.0000 15110.0000 0.7500 0.8292 0.0000 2.0000 2.8040 0.1395 2.5947 2.8740
4.0000 17586.5000 7533.1199 6450.0000 22956.0000 25.0000 8.7178 20.0000 38.0000 4374.2500 1449.8334 3649.0000 6549.0000 1583.5000 627.0000 1270.0000 2524.0000 761.8575 367.4727 0.0000 15136.0000 0.7500 0.8292 0.0000 2.0000 2.8038 0.1394 2.5947 2.8740
4.0000 17586.5000 7533.1199 6450.0000 22956.0000 25.0000 8.7178 20.0000 38.0000 4374.2500 1449.8334 3649.0000 6549.0000 1583.5000 627.0000 1270.0000 2524.0000 761.8575 367.4727 0.0000 15136.0000 0.7500 0.8292 0.0000 2.0000 2.8038 0.1394 2.5947 2.8740
3.0000 16831.0000 9038.6482 6450.0000 22956.0000 26.6667 9.8658 20.0000 38.0000 4616.0000 1674.0272 3649.0000 6549.0000 1688.0000 723.9972 1270.0000 2524.0000 667.5118 386.1963 0.0000 15136.0000 1.0000 0.8165 0.0000 2.0000 2.7806 0.1610 2.5947 2.8740
4.0000 24486.5000 16996.8084 6450.0000 47453.0000 26.0000 8.1650 20.0000 38.0000 4374.5000 1449.6667 3649.0000 6549.0000 1583.5000 627.0000 1270.0000 2524.0000 1016.4273 765.7675 0.0000 15136.0000 0.7500 0.8292 0.0000 2.0000 2.8040 0.1395 2.5947 2.8740
2.0000 35204.5000 17321.9948 22956.0000 47453.0000 23.0000 1.4142 22.0000 24.0000 3649.5000 0.7071 3649.0000 3650.0000 1270.0000 0.0000 1270.0000 1270.0000 1578.1584 685.9155 0.0000 15136.0000 0.5000 0.5000 0.0000 1.0000 2.8736 0.0006 2.8732 2.8740
2.0000 35204.5000 17321.9948 22956.0000 47453.0000 23.0000 1.4142 22.0000 24.0000 3649.5000 0.7071 3649.0000 3650.0000 1270.0000 0.0000 1270.0000 1270.0000 1578.1584 685.9155 0.0000 15136.0000 0.5000 0.5000 0.0000 1.0000 2.8736 0.0006 2.8732 2.8740
1.0000 47453.0000 0.0000 47453.0000 47453.0000 24.0000 0.0000 24.0000 24.0000 3650.0000 0.0000 3650.0000 3650.0000 1270.0000 0.0000 1270.0000 1270.0000 2063.1739 0.0000 0.0000 15104.0000 1.0000 0.0000 1.0000 1.0000 2.8740 0.0000 2.8740 2.8740
2.0000 37664.5000 13843.0295 27876.0000 47453.0000 23.0000 1.4142 22.0000 24.0000 3650.5000 0.7071 3650.0000 3651.0000 1270.0000 0.0000 1270.0000 1270.0000 1695.3012 520.2505 0.0000 15129.0000 0.5000 0.5000 0.0000 1.0000 2.8744 0.0006 2.8740 2.8748
2.0000 37664.5000 13843.0295 27876.0000 47453.0000 23.0000 1.4142 22.0000 24.0000 3650.5000 0.7071 3650.0000 3651.0000 1270.0000 0.0000 1270.0000 1270.0000 1695.3012 520.2505 0.0000 15129.0000 0.5000 0.5000 0.0000 1.0000 2.8744 0.0006 2.8740 2.8748
1.0000 27876.0000 0.0000 27876.0000 27876.0000 22.0000 0.0000 22.0000 22.0000 3651.0000 0.0000 3651.0000 3651.0000 1270.0000 0.0000 1270.0000 1270.0000 1327.4286 0.0000 0.0000 15129.0000 1.0000 0.0000 1.0000 1.0000 2.8748 0.0000 2.8748 2.8748
2.0000 26359.5000 2144.6549 24843.0000 27876.0000 25.0000 4.2426 22.0000 28.0000 4374.5000 1023.1835 3651.0000 5098.0000 1583.5000 443.3560 1270.0000 1897.0000 1123.7698 288.0169 0.0000 15129.0000 0.5000 0.5000 0.0000 1.0000 2.7811 0.1325 2.6874 2.8748
2.0000 26359.5000 2144.6549 24843.0000 27876.0000 25.0000 4.2426 22.0000 28.0000 4374.5000 1023.1835 3651.0000 5098.0000 1583.5000 443.3560 1270.0000 1897.0000 1123.7698 288.0169 0.0000 15129.0000 0.5000 0.5000 0.0000 1.0000 2.7811 0.1325 2.6874 2.8748
2.0000 26359.5000 2144.6549 24843.0000 27876.0000 25.0000 4.2426 22.0000 28.0000 4374.5000 1023.1835 3651.0000 5098.0000 1583.5000 443.3560 1270.0000 1897.0000 1123.7698 288.0169 0.0000 15129.0000 0.5000 0.5000 0.0000 1.0000 2.7811 0.1325 2.6874 2.8748
3.0000 20757.3333 12410.5771 6819.0000 30610.0000 23.6667 4.0415 20.0000 28.0000 4132.6667 836.0038 3649.0000 5098.0000 1479.0000 361.9986 1270.0000 1897.0000 890.1232 516.8873 0.0000 15160.0000 1.0000 0.8165 0.0000 2.0000 2.8118 0.1077 2.6874 2.8748
3.0000 20757.3333 12410.5771 6819.0000 30610.0000 23.6667 4.0415 20.0000 28.0000 4132.6667 836.0038 3649.0000 5098.0000 1479.0000 361.9986 1270.0000 1897.0000 890.1232 516.8873 0.0000 15160.0000 1.0000 0.8165 0.0000 2.0000 2.8118 0.1077 2.6874 2.8748
3.0000 20757.3333 12410.5771 6819.0000 30610.0000 23.6667 4.0415 20.0000 28.0000 4132.6667 836.0038 3649.0000 5098.0000 1479.0000 361.9986 1270.0000 1897.0000 890.1232 516.8873 0.0000 15160.0000 1.0000 0.8165 0.0000 2.0000 2.8118 0.1077 2.6874 2.8748
3.0000 19603.3333 11994.7069 6819.0000 30610.0000 21.6667 1.5275 20.0000 23.0000 3650.3333 1.1547 3649.0000 3651.0000 1270.0000 0.0000 1270.0000 1270.0000 922.8004 522.7960 0.0000 15160.0000 1.0000 0.8165 0.0000 2.0000 2.8743 0.0009 2.8732 2.8748
3.0000 19603.3333 11994.7069 6819.0000 30610.0000 21.6667 1.5275 20.0000 23.0000 3650.3333 1.1547 3649.0000 3651.0000 1270.0000 0.0000 1270.0000 1270.0000 922.8004 522.7960 0.0000 15160.0000 1.0000 0.8165 0.0000 2.0000 2.8743 0.0009 2.8732 2.8748
3.0000 19603.3333 11994.7069 6819.0000 30610.0000 21.6667 1.5275 20.0000 23.0000 3650.3333 1.1547 3649.0000 3651.0000 1270.0000 0.0000 1270.0000 1270.0000 922.8004 522.7960 0.0000 15160.0000 1.0000 0.8165 0.0000 2.0000 2.8743 0.0009 2.8732 2.8748
2.0000 27212.5000 8246.9864 21381.0000 33044.0000 22.0000 0.0000 22.0000 22.0000 3650.5000 0.7071 3650.0000 3651.0000 1270.0000 0.0000 1270.0000 1270.0000 1295.8333 392.7136 0.0000 15207.0000 0.5000 0.5000 0.0000 1.0000 2.8744 0.0006 2.8740 2.8748
2.0000 27212.5000 8246.9864 21381.0000 33044.0000 22.0000 0.0000 22.0000 22.0000 3650.5000 0.7071 3650.0000 3651.0000 1270.0000 0.0000 1270.0000 1270.0000 1295.8333 392.7136 0.0000 15207.0000 0.5000 0.5000 0.0000 1.0000 2.8744 0.0006 2.8740 2.8748
2.0000 27212.5000 8246.9864 21381.0000 33044.0000 22.0000 0.0000 22.0000 22.0000 3650.5000 0.7071 3650.0000 3651.0000 1270.0000 0.0000 1270.0000 1270.0000 1295.8333 392.7136 0.0000 15207.0000 0.5000 0.5000 0.0000 1.0000 2.8744 0.0006 2.8740 2.8748
2.0000 26466.5000 9301.9897 19889.0000 33044.0000 21.0000 1.4142 20.0000 22.0000 3649.5000 0.7071 3649.0000 3650.0000 1270.0000 0.0000 1270.0000 1270.0000 1310.1566 372.4574 0.0000 15207.0000 0.5000 0.5000 0.0000 1.0000 2.8736 0.0006 2.8732 2.8740
2.0000 26466.5000 9301.9897 19889.0000 33044.0000 21.0000 1.4142 20.0000 22.0000 3649.5000 0.7071 3649.0000 3650.0000 1270.0000 0.0000 1270.0000 1270.0000 1310.1566 372.4574 0.0000 15207.0000 0.5000 0.5000 0.0000 1.0000 2.8736 0.0006 2.8732 2.8740
3.0000 24568.6667 7353.1504 19889.0000 33044.0000 21.3333 1.1547 20.0000 22.0000 3649.3333 0.5774 3649.0000 3650.0000 1270.0000 0.0000 1270.0000 1270.0000 1203.1679 322.0280 0.0000 15207.0000 1.0000 0.8165 0.0000 2.0000 2.8735 0.0005 2.8732 2.8740
2.0000 20331.0000 625.0824 19889.0000 20773.0000 21.0000 1.4142 20.0000 22.0000 3649.0000 0.0000 3649.0000 3649.0000 1270.0000 0.0000 1270.0000 1270.0000 1017.9900 40.7286 0.0000 15018.0000 0.5000 0.5000 0.0000 1.0000 2.8732 0.0000 2.8732 2.8732
3.0000 17425.0000 5052.7094 11613.0000 20773.0000 20.6667 1.1547 20.0000 22.0000 3649.3333 0.5774 3649.0000 3650.0000 1270.0000 0.0000 1270.0000 1270.0000 882.3968 236.6134 0.0000 15018.0000 1.0000 0.8165 0.0000 2.0000 2.8735 0.0005 2.8732 2.8740
4.0000 15753.5000 5309.9495 10739.0000 20773.0000 20.5000 1.0000 20.0000 22.0000 3649.7500 0.9574 3649.0000 3651.0000 1270.0000 0.0000 1270.0000 1270.0000 803.1003 249.9515 0.0000 15018.0000 0.7500 0.8292 0.0000 2.0000 2.8738 0.0008 2.8732 2.8748
4.0000 13486.7500 4873.4451 10739.0000 20773.0000 20.5000 1.0000 20.0000 22.0000 3649.7500 0.9574 3649.0000 3651.0000 1270.0000 0.0000 1270.0000 1270.0000 683.7976 204.6481 0.0000 15018.0000 0.7500 0.8292 0.0000 2.0000 2.8738 0.0008 2.8732 2.8748
5.0000 15783.2000 6646.8988 10739.0000 24969.0000 20.8000 1.0954 20.0000 22.0000 3649.6000 0.8944 3649.0000 3651.0000 1270.0000 0.0000 1270.0000 1270.0000 784.8381 287.1524 0.0000 15076.0000 0.8000 0.7483 0.0000 2.0000 2.8737 0.0007 2.8732 2.8748
4.0000 14535.7500 6966.6449 10739.0000 24969.0000 20.5000 1.0000 20.0000 22.0000 3649.7500 0.9574 3649.0000 3651.0000 1270.0000 0.0000 1270.0000 1270.0000 733.7500 304.2073 0.0000 15076.0000 0.7500 0.8292 0.0000 2.0000 2.8738 0.0008 2.8732 2.8748
4.0000 14535.7500 6966.6449 10739.0000 24969.0000 20.5000 1.0000 20.0000 22.0000 3649.7500 0.9574 3649.0000 3651.0000 1270.0000 0.0000 1270.0000 1270.0000 733.7500 304.2073 0.0000 15076.0000 0.7500 0.8292 0.0000 2.0000 2.8738 0.0008 2.8732 2.8748
4.0000 15699.5000 6699.3380 10739.0000 24969.0000 20.5000 1.0000 20.0000 22.0000 3649.2500 1.2583 3648.0000 3651.0000 1270.0000 0.0000 1270.0000 1270.0000 795.0000 295.8607 0.0000 15076.0000 0.7500 0.8292 0.0000 2.0000 2.8734 0.0010 2.8724 2.8748
4.0000 18624.5000 6357.0221 10822.0000 24969.0000 21.5000 1.9149 20.0000 24.0000 3649.2500 1.2583 3648.0000 3651.0000 1270.0000 0.0000 1270.0000 1270.0000 897.5995 258.3991 0.0000 15076.0000 0.7500 0.8292 0.0000 2.0000 2.8734 0.0010 2.8724 2.8748
3.0000 21225.3333 4475.6665 16268.0000 24969.0000 22.0000 2.0000 20.0000 24.0000 3649.3333 1.5275 3648.0000 3651.0000 1270.0000 0.0000 1270.0000 1270.0000 1006.9397 168.5925 0.0000 15076.0000 1.0000 0.8165 0.0000 2.0000 2.8735 0.0012 2.8724 2.8748
2.0000 19353.5000 4363.5559 16268.0000 22439.0000 22.0000 2.8284 20.0000 24.0000 3649.5000 2.1213 3648.0000 3651.0000 1270.0000 0.0000 1270.0000 1270.0000 915.9096 84.4273 0.0000 15051.0000 0.5000 0.5000 0.0000 1.0000 2.8736 0.0017 2.8724 2.8748
3.0000 22050.6667 5598.6100 16268.0000 27445.0000 22.0000 2.0000 20.0000 24.0000 3649.3333 1.5275 3648.0000 3651.0000 1270.0000 0.0000 1270.0000 1270.0000 1046.2413 233.5017 0.0000 15124.0000 1.0000 0.8165 0.0000 2.0000 2.8735 0.0012 2.8724 2.8748
3.0000 22050.6667 5598.6100 16268.0000 27445.0000 22.0000 2.0000 20.0000 24.0000 3649.3333 1.5275 3648.0000 3651.0000 1270.0000 0.0000 1270.0000 1270.0000 1046.2413 233.5017 0.0000 15124.0000 1.0000 0.8165 0.0000 2.0000 2.8735 0.0012 2.8724 2.8748
3.0000 23490.0000 3548.2279 20586.0000 27445.0000 23.0000 1.0000 22.0000 24.0000 3649.6667 1.1547 3649.0000 3651.0000 1270.0000 0.0000 1270.0000 1270.0000 1072.7469 203.7647 0.0000 15124.0000 1.0000 0.8165 0.0000 2.0000 2.8738 0.0009 2.8732 2.8748
2.0000 24015.5000 4850.0454 20586.0000 27445.0000 22.5000 0.7071 22.0000 23.0000 3649.0000 0.0000 3649.0000 3649.0000 1270.0000 0.0000 1270.0000 1270.0000 1121.3160 262.4621 0.0000 15124.0000 0.5000 0.5000 0.0000 1.0000 2.8732 0.0000 2.8732 2.8732
3.0000 21376.3333 5714.6367 16098.0000 27445.0000 21.6667 1.5275 20.0000 23.0000 3649.3333 0.5774 3649.0000 3650.0000 1270.0000 0.0000 1270.0000 1270.0000 1029.9651 243.8815 0.0000 15124.0000 1.0000 0.8165 0.0000 2.0000 2.8735 0.0005 2.8732 2.8740
3.0000 21376.3333 5714.6367 16098.0000 27445.0000 21.6667 1.5275 20.0000 23.0000 3649.3333 0.5774 3649.0000 3650.0000 1270.0000 0.0000 1270.0000 1270.0000 1029.9651 243.8815 0.0000 15124.0000 1.0000 0.8165 0.0000 2.0000 2.8735 0.0005 2.8732 2.8740
3.0000 29933.3333 20201.7960 16098.0000 53116.0000 23.0000 3.0000 20.0000 26.0000 3648.6667 1.5275 3647.0000 3650.0000 1270.0000 0.0000 1270.0000 1270.0000 1302.5435 713.3292 0.0000 15109.0000 1.0000 0.8165 0.0000 2.0000 2.8730 0.0012 2.8717 2.8740
3.0000 29933.3333 20201.7960 16098.0000 53116.0000 23.0000 3.0000 20.0000 26.0000 3648.6667 1.5275 3647.0000 3650.0000 1270.0000 0.0000 1270.0000 1270.0000 1302.5435 713.3292 0.0000 15109.0000 1.0000 0.8165 0.0000 2.0000 2.8730 0.0012 2.8717 2.8740
2.0000 34607.0000 26175.6788 16098.0000 53116.0000 23.0000 4.2426 20.0000 26.0000 3648.5000 2.1213 3647.0000 3650.0000 1270.0000 0.0000 1270.0000 1270.0000 1485.9516 903.2418 0.0000 15109.0000 0.5000 0.5000 0.0000 1.0000 2.8728 0.0017 2.8717 2.8740
2.0000 34607.0000 26175.6788 16098.0000 53116.0000 23.0000 4.2426 20.0000 26.0000 3648.5000 2.1213 3647.0000 3650.0000 1270.0000 0.0000 1270.0000 1270.0000 1485.9516 903.2418 0.0000 15109.0000 0.5000 0.5000 0.0000 1.0000 2.8728 0.0017 2.8717 2.8740
1.0000 53116.0000 0.0000 53116.0000 53116.0000 26.0000 0.0000 26.0000 26.0000 3647.0000 0.0000 3647.0000 3647.0000 1270.0000 0.0000 1270.0000 1270.0000 2124.6400 0.0000 0.0000 15109.0000 1.0000 0.0000 1.0000 1.0000 2.8717 0.0000 2.8717 2.8717
2.0000 29577.0000 33289.1730 6038.0000 53116.0000 25.0000 1.4142 24.0000 26.0000 4372.0000 1025.3048 3647.0000 5097.0000 1583.5000 443.3560 1270.0000 1897.0000 1193.5809 1316.7164 0.0000 15109.0000 0.5000 0.5000 0.0000 1.0000 2.7793 0.1307 2.6869 2.8717
2.0000 12983.5000 9822.4203 6038.0000 19929.0000 25.0000 1.4142 24.0000 26.0000 5098.5000 2.1213 5097.0000 5100.0000 1897.0000 0.0000 1897.0000 1897.0000 529.8409 378.0463 0.0000 13577.0000 0.5000 0.5000 0.0000 1.0000 2.6877 0.0011 2.6869 2.6885
2.0000 12983.5000 9822.4203 6038.0000 19929.0000 25.0000 1.4142 24.0000 26.0000 5098.5000 2.1213 5097.0000 5100.0000 1897.0000 0.0000 1897.0000 1897.0000 529.8409 378.0463 0.0000 13577.0000 0.5000 0.5000 0.0000 1.0000 2.6877 0.0011 2.6869 2.6885
3.0000 19569.0000 13354.6397 6038.0000 32740.0000 24.0000 2.0000 22.0000 26.0000 4616.0000 835.7159 3651.0000 5100.0000 1688.0000 361.9986 1270.0000 1897.0000 872.9098 651.5738 0.0000 15025.0000 1.0000 0.8165 0.0000 2.0000 2.7500 0.1080 2.6869 2.8748
3.0000 19569.0000 13354.6397 6038.0000 32740.0000 24.0000 2.0000 22.0000 26.0000 4616.0000 835.7159 3651.0000 5100.0000 1688.0000 361.9986 1270.0000 1897.0000 872.9098 651.5738 0.0000 15025.0000 1.0000 0.8165 0.0000 2.0000 2.7500 0.1080 2.6869 2.8748
3.0000 19569.0000 13354.6397 6038.0000 32740.0000 24.0000 2.0000 22.0000 26.0000 4616.0000 835.7159 3651.0000 5100.0000 1688.0000 361.9986 1270.0000 1897.0000 872.9098 651.5738 0.0000 15025.0000 1.0000 0.8165 0.0000 2.0000 2.7500 0.1080 2.6869 2.8748
3.0000 24413.3333 7218.2459 19929.0000 32740.0000 24.6667 2.3094 22.0000 26.0000 4616.6667 836.2920 3651.0000 5100.0000 1688.0000 361.9986 1270.0000 1897.0000 1059.6825 432.6534 0.0000 15025.0000 1.0000 0.8165 0.0000 2.0000 2.7504 0.1077 2.6879 2.8748
2.0000 26655.5000 8604.7824 20571.0000 32740.0000 24.0000 2.8284 22.0000 26.0000 4375.0000 1023.8906 3651.0000 5099.0000 1583.5000 443.3560 1270.0000 1897.0000 1190.9438 520.5774 0.0000 15025.0000 0.5000 0.5000 0.0000 1.0000 2.7814 0.1321 2.6879 2.8748
3.0000 26319.0000 6112.3512 20571.0000 32740.0000 23.3333 2.3094 22.0000 26.0000 4133.3333 836.2920 3650.0000 5099.0000 1479.0000 361.9986 1270.0000 1897.0000 1201.0419 368.5191 0.0000 15025.0000 1.0000 0.8165 0.0000 2.0000 2.8122 0.1077 2.6879 2.8748
2.0000 23108.5000 3588.5669 20571.0000 25646.0000 24.0000 2.8284 22.0000 26.0000 4374.5000 1024.5977 3650.0000 5099.0000 1583.5000 443.3560 1270.0000 1897.0000 1022.0390 281.7100 0.0000 14964.0000 0.5000 0.5000 0.0000 1.0000 2.7810 0.1316 2.6879 2.8740
2.0000 23108.5000 3588.5669 20571.0000 25646.0000 24.0000 2.8284 22.0000 26.0000 4374.5000 1024.5977 3650.0000 5099.0000 1583.5000 443.3560 1270.0000 1897.0000 1022.0390 281.7100 0.0000 14964.0000 0.5000 0.5000 0.0000 1.0000 2.7810 0.1316 2.6879 2.8740
3.0000 24156.3333 3119.7388 20571.0000 26252.0000 24.6667 2.3094 22.0000 26.0000 4615.6667 836.2920 3650.0000 5099.0000 1688.0000 361.9986 1270.0000 1897.0000 1031.3860 199.8558 0.0000 15126.0000 1.0000 0.8165 0.0000 2.0000 2.7498 0.1076 2.6874 2.8740
2.0000 25949.0000 428.5067 25646.0000 26252.0000 24.0000 2.8284 22.0000 26.0000 4374.0000 1023.8906 3650.0000 5098.0000 1583.5000 443.3560 1270.0000 1897.0000 1135.6590 121.0270 0.0000 15126.0000 0.5000 0.5000 0.0000 1.0000 2.7807 0.1320 2.6874 2.8740
2.0000 25949.0000 428.5067 25646.0000 26252.0000 24.0000 2.8284 22.0000 26.0000 4374.0000 1023.8906 3650.0000 5098.0000 1583.5000 443.3560 1270.0000 1897.0000 1135.6590 121.0270 0.0000 15126.0000 0.5000 0.5000 0.0000 1.0000 2.7807 0.1320 2.6874 2.8740
2.0000 20354.5000 8340.3245 14457.0000 26252.0000 27.0000 1.4142 26.0000 28.0000 5821.5000 1023.1835 5098.0000 6545.0000 2210.5000 443.3560 1897.0000 2524.0000 792.7622 363.9023 0.0000 15126.0000 0.5000 0.5000 0.0000 1.0000 2.6403 0.0667 2.5931 2.6874
3.0000 27330.3333 13444.9715 14457.0000 41282.0000 26.0000 2.0000 24.0000 28.0000 5097.6667 1447.5000 3650.0000 6545.0000 1897.0000 627.0000 1270.0000 2524.0000 1126.7980 633.2078 0.0000 15126.0000 1.0000 0.8165 0.0000 2.0000 2.7182 0.1430 2.5931 2.8740
3.0000 27330.3333 13444.9715 14457.0000 41282.0000 26.0000 2.0000 24.0000 28.0000 5097.6667 1447.5000 3650.0000 6545.0000 1897.0000 627.0000 1270.0000 2524.0000 1126.7980 633.2078 0.0000 15126.0000 1.0000 0.8165 0.0000 2.0000 2.7182 0.1430 2.5931 2.8740
2.0000 27869.5000 18968.1394 14457.0000 41282.0000 26.0000 2.8284 24.0000 28.0000 5097.5000 2047.0741 3650.0000 6545.0000 1897.0000 886.7119 1270.0000 2524.0000 1165.1570 890.5480 0.0000 15107.0000 0.5000 0.5000 0.0000 1.0000 2.7336 0.1986 2.5931 2.8740
2.0000 27869.5000 18968.1394 14457.0000 41282.0000 26.0000 2.8284 24.0000 28.0000 5097.5000 2047.0741 3650.0000 6545.0000 1897.0000 886.7119 1270.0000 2524.0000 1165.1570 890.5480 0.0000 15107.0000 0.5000 0.5000 0.0000 1.0000 2.7336 0.1986 2.5931 2.8740
3.0000 26560.0000 13602.9235 14457.0000 41282.0000 24.6667 3.0551 22.0000 28.0000 4614.6667 1671.7178 3649.0000 6545.0000 1688.0000 723.9972 1270.0000 2524.0000 1156.7872 629.8794 0.0000 15107.0000 1.0000 0.8165 0.0000 2.0000 2.7801 0.1620 2.5931 2.8740
2.0000 32611.5000 12261.9387 23941.0000 41282.0000 23.0000 1.4142 22.0000 24.0000 3649.5000 0.7071 3649.0000 3650.0000 1270.0000 0.0000 1270.0000 1270.0000 1467.4586 463.0290 0.0000 15107.0000 0.5000 0.5000 0.0000 1.0000 2.8736 0.0006 2.8732 2.8740
2.0000 21177.5000 3908.1792 18414.0000 23941.0000 21.0000 1.4142 20.0000 22.0000 3649.5000 0.7071 3649.0000 3650.0000 1270.0000 0.0000 1270.0000 1270.0000 1054.6028 120.8373 0.0000 15100.0000 0.5000 0.5000 0.0000 1.0000 2.8736 0.0006 2.8732 2.8740
2.0000 21177.5000 3908.1792 18414.0000 23941.0000 21.0000 1.4142 20.0000 22.0000 3649.5000 0.7071 3649.0000 3650.0000 1270.0000 0.0000 1270.0000 1270.0000 1054.6028 120.8373 0.0000 15100.0000 0.5000 0.5000 0.0000 1.0000 2.8736 0.0006 2.8732 2.8740
3.0000 23471.0000 4839.1486 18414.0000 28058.0000 21.3333 1.1547 20.0000 22.0000 3649.6667 0.5774 3649.0000 3650.0000 1270.0000 0.0000 1270.0000 1270.0000 1148.4336 183.6124 0.0000 15198.0000 1.0000 0.8165 0.0000 2.0000 2.8738 0.0005 2.8732 2.8740
3.0000 23471.0000 4839.1486 18414.0000 28058.0000 21.3333 1.1547 20.0000 22.0000 3649.6667 0.5774 3649.0000 3650.0000 1270.0000 0.0000 1270.0000 1270.0000 1148.4336 183.6124 0.0000 15198.0000 1.0000 0.8165 0.0000 2.0000 2.8738 0.0005 2.8732 2.8740
2.0000 23236.0000 6819.3378 18414.0000 28058.0000 21.0000 1.4142 20.0000 22.0000 3650.0000 0.0000 3650.0000 3650.0000 1270.0000 0.0000 1270.0000 1270.0000 1152.6266 259.4639 0.0000 15198.0000 0.5000 0.5000 0.0000 1.0000 2.8740 0.0000 2.8740 2.8740
3.0000 27303.3333 8537.0537 18414.0000 35438.0000 22.0000 2.0000 20.0000 24.0000 3649.6667 0.5774 3649.0000 3650.0000 1270.0000 0.0000 1270.0000 1270.0000 1282.0119 289.6247 0.0000 15198.0000 1.0000 0.8165 0.0000 2.0000 2.8738 0.0005 2.8732 2.8740
2.0000 31748.0000 5218.4480 28058.0000 35438.0000 23.0000 1.4142 22.0000 24.0000 3649.5000 0.7071 3649.0000 3650.0000 1270.0000 0.0000 1270.0000 1270.0000 1438.4389 144.7358 0.0000 15198.0000 0.5000 0.5000 0.0000 1.0000 2.8736 0.0006 2.8732 2.8740
2.0000 31748.0000 5218.4480 28058.0000 35438.0000 23.0000 1.4142 22.0000 24.0000 3649.5000 0.7071 3649.0000 3650.0000 1270.0000 0.0000 1270.0000 1270.0000 1438.4389 144.7358 0.0000 15198.0000 0.5000 0.5000 0.0000 1.0000 2.8736 0.0006 2.8732 2.8740
1.0000 35438.0000 0.0000 35438.0000 35438.0000 24.0000 0.0000 24.0000 24.0000 3649.0000 0.0000 3649.0000 3649.0000 1270.0000 0.0000 1270.0000 1270.0000 1540.7826 0.0000 0.0000 15115.0000 1.0000 0.0000 1.0000 1.0000 2.8732 0.0000 2.8732 2.8732
2.0000 29129.0000 8922.2734 22820.0000 35438.0000 23.0000 1.4142 22.0000 24.0000 3648.5000 0.7071 3648.0000 3649.0000 1270.0000 0.0000 1270.0000 1270.0000 1313.7246 321.1085 0.0000 15115.0000 0.5000 0.5000 0.0000 1.0000 2.8728 0.0006 2.8724 2.8732
2.0000 29129.0000 8922.2734 22820.0000 35438.0000 23.0000 1.4142 22.0000 24.0000 3648.5000 0.7071 3648.0000 3649.0000 1270.0000 0.0000 1270.0000 1270.0000 1313.7246 321.1085 0.0000 15115.0000 0.5000 0.5000 0.0000 1.0000 2.8728 0.0006 2.8724 2.8732
2.0000 27262.0000 6281.9366 22820.0000 31704.0000 22.0000 0.0000 22.0000 22.0000 3648.5000 0.7071 3648.0000 3649.0000 1270.0000 0.0000 1270.0000 1270.0000 1298.1905 299.1398 0.0000 15196.0000 0.5000 0.5000 0.0000 1.0000 2.8728 0.0006 2.8724 2.8732
2.0000 27262.0000 6281.9366 22820.0000 31704.0000 22.0000 0.0000 22.0000 22.0000 3648.5000 0.7071 3648.0000 3649.0000 1270.0000 0.0000 1270.0000 1270.0000 1298.1905 299.1398 0.0000 15196.0000 0.5000 0.5000 0.0000 1.0000 2.8728 0.0006 2.8724 2.8732
2.0000 27262.0000 6281.9366 22820.0000 31704.0000 22.0000 0.0000 22.0000 22.0000 3648.5000 0.7071 3648.0000 3649.0000 1270.0000 0.0000 1270.0000 1270.0000 1298.1905 299.1398 0.0000 15196.0000 0.5000 0.5000 0.0000 1.0000 2.8728 0.0006 2.8724 2.8732
3.0000 27092.3333 4451.7103 22820.0000 31704.0000 22.6667 1.1547 22.0000 24.0000 3648.6667 0.5774 3648.0000 3649.0000 1270.0000 0.0000 1270.0000 1270.0000 1253.1850 225.4303 0.0000 15196.0000 1.0000 0.8165 0.0000 2.0000 2.8730 0.0005 2.8724 2.8732
2.0000 29228.5000 3500.8857 26753.0000 31704.0000 23.0000 1.4142 22.0000 24.0000 3649.0000 0.0000 3649.0000 3649.0000 1270.0000 0.0000 1270.0000 1270.0000 1336.4441 245.0410 0.0000 15196.0000 0.5000 0.5000 0.0000 1.0000 2.8732 0.0000 2.8732 2.8732
2.0000 29228.5000 3500.8857 26753.0000 31704.0000 23.0000 1.4142 22.0000 24.0000 3649.0000 0.0000 3649.0000 3649.0000 1270.0000 0.0000 1270.0000 1270.0000 1336.4441 245.0410 0.0000 15196.0000 0.5000 0.5000 0.0000 1.0000 2.8732 0.0000 2.8732 2.8732
2.0000 26309.0000 627.9108 25865.0000 26753.0000 27.0000 4.2426 24.0000 30.0000 4373.0000 1023.8906 3649.0000 5097.0000 1583.5000 443.3560 1270.0000 1897.0000 1027.5352 191.8221 0.0000 15179.0000 0.5000 0.5000 0.0000 1.0000 2.7801 0.1318 2.6869 2.8732
2.0000 26309.0000 627.9108 25865.0000 26753.0000 27.0000 4.2426 24.0000 30.0000 4373.0000 1023.8906 3649.0000 5097.0000 1583.5000 443.3560 1270.0000 1897.0000 1027.5352 191.8221 0.0000 15179.0000 0.5000 0.5000 0.0000 1.0000 2.7801 0.1318 2.6869 2.8732
3.0000 22462.0000 6677.9760 14768.0000 26753.0000 25.3333 4.1633 22.0000 30.0000 4132.3333 835.4264 3649.0000 5097.0000 1479.0000 361.9986 1270.0000 1897.0000 919.4362 231.2013 0.0000 15179.0000 1.0000 0.8165 0.0000 2.0000 2.8116 0.1080 2.6869 2.8748
2.0000 20316.5000 7846.7640 14768.0000 25865.0000 26.0000 5.6569 22.0000 30.0000 4374.0000 1022.4764 3651.0000 5097.0000 1583.5000 443.3560 1270.0000 1897.0000 797.5673 133.4017 0.0000 15179.0000 0.5000 0.5000 0.0000 1.0000 2.7808 0.1329 2.6869 2.8748
3.0000 16258.3333 8954.9987 8142.0000 25865.0000 24.0000 5.2915 20.0000 30.0000 4132.6667 835.1373 3650.0000 5097.0000 1479.0000 361.9986 1270.0000 1897.0000 674.5537 233.0131 0.0000 15179.0000 1.0000 0.8165 0.0000 2.0000 2.8119 0.1083 2.6869 2.8748
4.0000 16133.0000 7316.0214 8142.0000 25865.0000 23.0000 4.7610 20.0000 30.0000 4011.7500 723.5005 3649.0000 5097.0000 1426.7500 313.5000 1270.0000 1897.0000 713.2442 205.3888 0.0000 15179.0000 0.7500 0.8292 0.0000 2.0000 2.8272 0.0936 2.6869 2.8748
4.0000 12554.0000 3446.5816 8142.0000 15757.0000 20.5000 1.0000 20.0000 22.0000 3650.2500 0.9574 3649.0000 3651.0000 1270.0000 0.0000 1270.0000 1270.0000 642.2306 168.8933 0.0000 10684.0000 0.7500 0.8292 0.0000 2.0000 2.8742 0.0008 2.8732 2.8748
5.0000 15120.8000 6469.2739 8142.0000 25388.0000 22.0000 3.4641 20.0000 28.0000 3940.2000 648.3484 3649.0000 5100.0000 1395.4000 280.4029 1270.0000 1897.0000 701.8437 197.8948 0.0000 14972.0000 0.8000 0.7483 0.0000 2.0000 2.8371 0.0831 2.6885 2.8748
4.0000 15209.0000 7466.6019 8142.0000 25388.0000 22.0000 4.0000 20.0000 28.0000 4012.5000 725.0005 3649.0000 5100.0000 1426.7500 313.5000 1270.0000 1897.0000 701.4951 228.5075 0.0000 14972.0000 0.7500 0.8292 0.0000 2.0000 2.8276 0.0928 2.6885 2.8748
4.0000 15209.0000 7466.6019 8142.0000 25388.0000 22.0000 4.0000 20.0000 28.0000 4012.5000 725.0005 3649.0000 5100.0000 1426.7500 313.5000 1270.0000 1897.0000 701.4951 228.5075 0.0000 14972.0000 0.7500 0.8292 0.0000 2.0000 2.8276 0.0928 2.6885 2.8748
4.0000 23958.2500 14037.9883 11549.0000 43139.0000 23.0000 3.8297 20.0000 28.0000 4012.2500 725.1673 3649.0000 5100.0000 1426.7500 313.5000 1270.0000 1897.0000 1063.2657 558.9174 0.0000 15104.0000 0.7500 0.8292 0.0000 2.0000 2.8274 0.0927 2.6885 2.8748
3.0000 26692.0000 15835.3193 11549.0000 43139.0000 24.0000 4.0000 20.0000 28.0000 4133.3333 837.1585 3649.0000 5100.0000 1479.0000 361.9986 1270.0000 1897.0000 1141.2490 657.3390 0.0000 15104.0000 1.0000 0.8165 0.0000 2.0000 2.8122 0.1071 2.6885 2.8748
2.0000 34263.5000 12551.8525 25388.0000 43139.0000 26.0000 2.8284 24.0000 28.0000 4374.5000 1026.0119 3649.0000 5100.0000 1583.5000 443.3560 1270.0000 1897.0000 1407.9525 661.3657 0.0000 15104.0000 0.5000 0.5000 0.0000 1.0000 2.7808 0.1307 2.6885 2.8732
1.0000 43139.0000 0.0000 43139.0000 43139.0000 24.0000 0.0000 24.0000 24.0000 3649.0000 0.0000 3649.0000 3649.0000 1270.0000 0.0000 1270.0000 1270.0000 1875.6087 0.0000 0.0000 15104.0000 1.0000 0.0000 1.0000 1.0000 2.8732 0.0000 2.8732 2.8732
2.0000 29120.0000 19825.8599 15101.0000 43139.0000 23.0000 1.4142 22.0000 24.0000 3649.5000 0.7071 3649.0000 3650.0000 1270.0000 0.0000 1270.0000 1270.0000 1297.3520 817.7785 0.0000 15104.0000 0.5000 0.5000 0.0000 1.0000 2.8736 0.0006 2.8732 2.8740
2.0000 29120.0000 19825.8599 15101.0000 43139.0000 23.0000 1.4142 22.0000 24.0000 3649.5000 0.7071 3649.0000 3650.0000 1270.0000 0.0000 1270.0000 1270.0000 1297.3520 817.7785 0.0000 15104.0000 0.5000 0.5000 0.0000 1.0000 2.8736 0.0006 2.8732 2.8740
2.0000 23192.0000 11442.4019 15101.0000 31283.0000 22.0000 0.0000 22.0000 22.0000 3649.5000 0.7071 3649.0000 3650.0000 1270.0000 0.0000 1270.0000 1270.0000 1104.3810 544.8763 0.0000 15140.0000 0.5000 0.5000 0.0000 1.0000 2.8736 0.0006 2.8732 2.8740
2.0000 23192.0000 11442.4019 15101.0000 31283.0000 22.0000 0.0000 22.0000 22.0000 3649.5000 0.7071 3649.0000 3650.0000 1270.0000 0.0000 1270.0000 1270.0000 1104.3810 544.8763 0.0000 15140.0000 0.5000 0.5000 0.0000 1.0000 2.8736 0.0006 2.8732 2.8740
2.0000 23192.0000 11442.4019 15101.0000 31283.0000 22.0000 0.0000 22.0000 22.0000 3649.5000 0.7071 3649.0000 3650.0000 1270.0000 0.0000 1270.0000 1270.0000 1104.3810 544.8763 0.0000 15140.0000 0.5000 0.5000 0.0000 1.0000 2.8736 0.0006 2.8732 2.8740
3.0000 20133.0000 9671.4386 14015.0000 31283.0000 21.3333 1.1547 20.0000 22.0000 3649.3333 0.5774 3649.0000 3650.0000 1270.0000 0.0000 1270.0000 1270.0000 982.1312 439.6363 0.0000 15140.0000 1.0000 0.8165 0.0000 2.0000 2.8735 0.0005 2.8732 2.8740
3.0000 23082.0000 8666.5116 14015.0000 31283.0000 21.3333 1.1547 20.0000 22.0000 3649.6667 1.1547 3649.0000 3651.0000 1270.0000 0.0000 1270.0000 1270.0000 1122.5597 376.3341 0.0000 15140.0000 1.0000 0.8165 0.0000 2.0000 2.8738 0.0009 2.8732 2.8748
3.0000 23082.0000 8666.5116 14015.0000 31283.0000 21.3333 1.1547 20.0000 22.0000 3649.6667 1.1547 3649.0000 3651.0000 1270.0000 0.0000 1270.0000 1270.0000 1122.5597 376.3341 0.0000 15140.0000 1.0000 0.8165 0.0000 2.0000 2.8738 0.0009 2.8732 2.8748
2.0000 18981.5000 7023.6917 14015.0000 23948.0000 21.0000 1.4142 20.0000 22.0000 3650.0000 1.4142 3649.0000 3651.0000 1270.0000 0.0000 1270.0000 1270.0000 939.0063 284.7868 0.0000 15124.0000 0.5000 0.5000 0.0000 1.0000 2.8740 0.0011 2.8732 2.8748
3.0000 16162.3333 6964.8564 10524.0000 23948.0000 22.0000 2.0000 20.0000 24.0000 4132.0000 834.8491 3649.0000 5096.0000 1479.0000 361.9986 1270.0000 1897.0000 778.5259 343.2398 0.0000 15124.0000 1.0000 0.8165 0.0000 2.0000 2.8115 0.1084 2.6863 2.8748
4.0000 19847.2500 9308.8091 10524.0000 30902.0000 22.0000 1.6330 20.0000 24.0000 4011.7500 722.8339 3649.0000 5096.0000 1426.7500 313.5000 1270.0000 1897.0000 951.7754 445.6500 0.0000 15204.0000 0.7500 0.8292 0.0000 2.0000 2.8273 0.0940 2.6863 2.8748
3.0000 21791.3333 10358.7706 10524.0000 30902.0000 22.6667 1.1547 22.0000 24.0000 4132.6667 834.2711 3651.0000 5096.0000 1479.0000 361.9986 1270.0000 1897.0000 1023.1567 517.0437 0.0000 15204.0000 1.0000 0.8165 0.0000 2.0000 2.8120 0.1088 2.6863 2.8748
2.0000 20713.0000 14409.4220 10524.0000 30902.0000 23.0000 1.4142 22.0000 24.0000 4373.5000 1021.7693 3651.0000 5096.0000 1583.5000 443.3560 1270.0000 1897.0000 964.5445 716.9770 0.0000 15204.0000 0.5000 0.5000 0.0000 1.0000 2.7806 0.1333 2.6863 2.8748
3.0000 24092.3333 11750.5490 10524.0000 30902.0000 22.6667 1.1547 22.0000 24.0000 4132.6667 834.2711 3651.0000 5096.0000 1479.0000 361.9986 1270.0000 1897.0000 1132.7281 584.7095 0.0000 15204.0000 1.0000 0.8165 0.0000 2.0000 2.8120 0.1088 2.6863 2.8748
3.0000 24092.3333 11750.5490 10524.0000 30902.0000 22.6667 1.1547 22.0000 24.0000 4132.6667 834.2711 3651.0000 5096.0000 1479.0000 361.9986 1270.0000 1897.0000 1132.7281 584.7095 0.0000 15204.0000 1.0000 0.8165 0.0000 2.0000 2.8120 0.1088 2.6863 2.8748
2.0000 30876.5000 36.0624 30851.0000 30902.0000 22.0000 0.0000 22.0000 22.0000 3651.0000 0.0000 3651.0000 3651.0000 1270.0000 0.0000 1270.0000 1270.0000 1470.3095 1.7173 0.0000 15204.0000 0.5000 0.5000 0.0000 1.0000 2.8748 0.0000 2.8748 2.8748
2.0000 23273.0000 10716.9104 15695.0000 30851.0000 21.0000 1.4142 20.0000 22.0000 3650.5000 0.7071 3650.0000 3651.0000 1270.0000 0.0000 1270.0000 1270.0000 1147.5739 454.6998 0.0000 15028.0000 0.5000 0.5000 0.0000 1.0000 2.8744 0.0006 2.8740 2.8748
2.0000 23273.0000 10716.9104 15695.0000 30851.0000 21.0000 1.4142 20.0000 22.0000 3650.5000 0.7071 3650.0000 3651.0000 1270.0000 0.0000 1270.0000 1270.0000 1147.5739 454.6998 0.0000 15028.0000 0.5000 0.5000 0.0000 1.0000 2.8744 0.0006 2.8740 2.8748
3.0000 22539.3333 7683.8066 15695.0000 30851.0000 21.3333 1.1547 20.0000 22.0000 3650.0000 1.0000 3649.0000 3651.0000 1270.0000 0.0000 1270.0000 1270.0000 1099.5255 332.1173 0.0000 15075.0000 1.0000 0.8165 0.0000 2.0000 2.8740 0.0008 2.8732 2.8748
2.0000 18383.5000 3802.1132 15695.0000 21072.0000 21.0000 1.4142 20.0000 22.0000 3649.5000 0.7071 3649.0000 3650.0000 1270.0000 0.0000 1270.0000 1270.0000 914.7406 125.4237 0.0000 15075.0000 0.5000 0.5000 0.0000 1.0000 2.8736 0.0006 2.8732 2.8740
3.0000 22968.0000 8383.3736 15695.0000 32137.0000 21.3333 1.1547 20.0000 22.0000 3649.3333 0.5774 3649.0000 3650.0000 1270.0000 0.0000 1270.0000 1270.0000 1119.9382 366.3109 0.0000 15075.0000 1.0000 0.8165 0.0000 2.0000 2.8735 0.0005 2.8732 2.8740
3.0000 22968.0000 8383.3736 15695.0000 32137.0000 21.3333 1.1547 20.0000 22.0000 3649.3333 0.5774 3649.0000 3650.0000 1270.0000 0.0000 1270.0000 1270.0000 1119.9382 366.3109 0.0000 15075.0000 1.0000 0.8165 0.0000 2.0000 2.8735 0.0005 2.8732 2.8740
2.0000 26604.5000 7824.1365 21072.0000 32137.0000 22.0000 0.0000 22.0000 22.0000 3649.0000 0.0000 3649.0000 3649.0000 1270.0000 0.0000 1270.0000 1270.0000 1266.8810 372.5779 0.0000 15075.0000 0.5000 0.5000 0.0000 1.0000 2.8732 0.0000 2.8732 2.8732
3.0000 23173.0000 8119.9836 16310.0000 32137.0000 21.3333 1.1547 20.0000 22.0000 3649.3333 0.5774 3649.0000 3650.0000 1270.0000 0.0000 1270.0000 1270.0000 1130.7277 353.5821 0.0000 15075.0000 1.0000 0.8165 0.0000 2.0000 2.8735 0.0005 2.8732 2.8740
3.0000 20984.6667 9700.1859 14507.0000 32137.0000 24.0000 5.2915 20.0000 30.0000 4616.3333 1674.6045 3649.0000 6550.0000 1688.0000 723.9972 1270.0000 2524.0000 962.9986 522.9481 0.0000 14995.0000 1.0000 0.8165 0.0000 2.0000 2.7808 0.1608 2.5951 2.8740
3.0000 20984.6667 9700.1859 14507.0000 32137.0000 24.0000 5.2915 20.0000 30.0000 4616.3333 1674.6045 3649.0000 6550.0000 1688.0000 723.9972 1270.0000 2524.0000 962.9986 522.9481 0.0000 14995.0000 1.0000 0.8165 0.0000 2.0000 2.7808 0.1608 2.5951 2.8740
3.0000 19518.3333 7175.2974 14507.0000 27738.0000 24.0000 5.2915 20.0000 30.0000 4616.6667 1674.3158 3650.0000 6550.0000 1688.0000 723.9972 1270.0000 2524.0000 893.1732 411.4102 0.0000 14992.0000 1.0000 0.8165 0.0000 2.0000 2.7810 0.1610 2.5951 2.8740
3.0000 19518.3333 7175.2974 14507.0000 27738.0000 24.0000 5.2915 20.0000 30.0000 4616.6667 1674.3158 3650.0000 6550.0000 1688.0000 723.9972 1270.0000 2524.0000 893.1732 411.4102 0.0000 14992.0000 1.0000 0.8165 0.0000 2.0000 2.7810 0.1610 2.5951 2.8740
3.0000 19518.3333 7175.2974 14507.0000 27738.0000 24.0000 5.2915 20.0000 30.0000 4616.6667 1674.3158 3650.0000 6550.0000 1688.0000 723.9972 1270.0000 2524.0000 893.1732 411.4102 0.0000 14992.0000 1.0000 0.8165 0.0000 2.0000 2.7810 0.1610 2.5951 2.8740
3.0000 21741.6667 6701.8611 14507.0000 27738.0000 24.6667 4.6188 22.0000 30.0000 4617.0000 1674.0272 3650.0000 6550.0000 1688.0000 723.9972 1270.0000 2524.0000 971.7947 423.7990 0.0000 15168.0000 1.0000 0.8165 0.0000 2.0000 2.7813 0.1613 2.5951 2.8748
2.0000 25359.0000 3364.4141 22980.0000 27738.0000 22.0000 0.0000 22.0000 22.0000 3650.5000 0.7071 3650.0000 3651.0000 1270.0000 0.0000 1270.0000 1270.0000 1207.5714 160.2102 0.0000 15168.0000 0.5000 0.5000 0.0000 1.0000 2.8744 0.0006 2.8740 2.8748
3.0000 23386.0000 4163.8718 19440.0000 27738.0000 21.3333 1.1547 20.0000 22.0000 3650.3333 0.5774 3650.0000 3651.0000 1270.0000 0.0000 1270.0000 1270.0000 1146.1003 155.4663 0.0000 15168.0000 1.0000 0.8165 0.0000 2.0000 2.8743 0.0005 2.8740 2.8748
2.0000 21210.0000 2503.1580 19440.0000 22980.0000 21.0000 1.4142 20.0000 22.0000 3650.5000 0.7071 3650.0000 3651.0000 1270.0000 0.0000 1270.0000 1270.0000 1058.7218 50.2950 0.0000 15168.0000 0.5000 0.5000 0.0000 1.0000 2.8744 0.0006 2.8740 2.8748
3.0000 20342.3333 2321.9467 18607.0000 22980.0000 20.6667 1.1547 20.0000 22.0000 3650.3333 0.5774 3650.0000 3651.0000 1270.0000 0.0000 1270.0000 1270.0000 1032.2531 58.0221 0.0000 15168.0000 1.0000 0.8165 0.0000 2.0000 2.8743 0.0005 2.8740 2.8748
3.0000 20342.3333 2321.9467 18607.0000 22980.0000 20.6667 1.1547 20.0000 22.0000 3650.3333 0.5774 3650.0000 3651.0000 1270.0000 0.0000 1270.0000 1270.0000 1032.2531 58.0221 0.0000 15168.0000 1.0000 0.8165 0.0000 2.0000 2.8743 0.0005 2.8740 2.8748
3.0000 21842.6667 4900.6708 18607.0000 27481.0000 22.0000 3.4641 20.0000 26.0000 4132.6667 836.0032 3650.0000 5098.0000 1479.0000 361.9986 1270.0000 1897.0000 1033.9046 60.6801 0.0000 15044.0000 1.0000 0.8165 0.0000 2.0000 2.8118 0.1077 2.6874 2.8740
3.0000 21842.6667 4900.6708 18607.0000 27481.0000 22.0000 3.4641 20.0000 26.0000 4132.6667 836.0032 3650.0000 5098.0000 1479.0000 361.9986 1270.0000 1897.0000 1033.9046 60.6801 0.0000 15044.0000 1.0000 0.8165 0.0000 2.0000 2.8118 0.1077 2.6874 2.8740
2.0000 23044.0000 6274.8656 18607.0000 27481.0000 23.0000 4.2426 20.0000 26.0000 4374.0000 1023.8906 3650.0000 5098.0000 1583.5000 443.3560 1270.0000 1897.0000 1039.2779 84.7992 0.0000 15044.0000 0.5000 0.5000 0.0000 1.0000 2.7807 0.1320 2.6874 2.8740
3.0000 19668.0000 7340.2382 12916.0000 27481.0000 25.3333 5.0332 20.0000 30.0000 5098.3333 1448.5000 3650.0000 6547.0000 1897.0000 627.0000 1270.0000 2524.0000 841.3117 348.0909 0.0000 15044.0000 1.0000 0.8165 0.0000 2.0000 2.7184 0.1426 2.5939 2.8740
3.0000 21771.6667 7775.5621 12916.0000 27481.0000 28.0000 2.0000 26.0000 30.0000 5581.0000 836.5805 5098.0000 6547.0000 2106.0000 361.9986 1897.0000 2524.0000 822.5027 338.2920 0.0000 15108.0000 1.0000 0.8165 0.0000 2.0000 2.6562 0.0540 2.5939 2.6874
3.0000 21771.6667 7775.5621 12916.0000 27481.0000 28.0000 2.0000 26.0000 30.0000 5581.0000 836.5805 5098.0000 6547.0000 2106.0000 361.9986 1897.0000 2524.0000 822.5027 338.2920 0.0000 15108.0000 1.0000 0.8165 0.0000 2.0000 2.6562 0.0540 2.5939 2.6874
3.0000 20548.3333 6632.9289 12916.0000 24918.0000 26.6667 4.1633 22.0000 30.0000 5098.3333 1448.5000 3650.0000 6547.0000 1897.0000 627.0000 1270.0000 2524.0000 834.0418 352.7333 0.0000 15108.0000 1.0000 0.8165 0.0000 2.0000 2.7184 0.1426 2.5939 2.8740
3.0000 20548.3333 6632.9289 12916.0000 24918.0000 26.6667 4.1633 22.0000 30.0000 5098.3333 1448.5000 3650.0000 6547.0000 1897.0000 627.0000 1270.0000 2524.0000 834.0418 352.7333 0.0000 15108.0000 1.0000 0.8165 0.0000 2.0000 2.7184 0.1426 2.5939 2.8740
3.0000 20548.3333 6632.9289 12916.0000 24918.0000 26.6667 4.1633 22.0000 30.0000 5098.3333 1448.5000 3650.0000 6547.0000 1897.0000 627.0000 1270.0000 2524.0000 834.0418 352.7333 0.0000 15108.0000 1.0000 0.8165 0.0000 2.0000 2.7184 0.1426 2.5939 2.8740
3.0000 26483.0000 3710.8610 23811.0000 30720.0000 26.0000 3.4641 22.0000 28.0000 4615.0000 835.7147 3650.0000 5098.0000 1688.0000 361.9986 1270.0000 1897.0000 1064.8413 122.9500 0.0000 15108.0000 1.0000 0.8165 0.0000 2.0000 2.7494 0.1079 2.6869 2.8740
2.0000 27265.5000 4885.4008 23811.0000 30720.0000 25.0000 4.2426 22.0000 28.0000 4373.5000 1023.1835 3650.0000 5097.0000 1583.5000 443.3560 1270.0000 1897.0000 1135.8175 2.7723 0.0000 15089.0000 0.5000 0.5000 0.0000 1.0000 2.7804 0.1323 2.6869 2.8740
2.0000 27265.5000 4885.4008 23811.0000 30720.0000 25.0000 4.2426 22.0000 28.0000 4373.5000 1023.1835 3650.0000 5097.0000 1583.5000 443.3560 1270.0000 1897.0000 1135.8175 2.7723 0.0000 15089.0000 0.5000 0.5000 0.0000 1.0000 2.7804 0.1323 2.6869 2.8740
2.0000 32613.0000 2677.1063 30720.0000 34506.0000 25.0000 4.2426 22.0000 28.0000 4373.0000 1023.8906 3649.0000 5097.0000 1583.5000 443.3560 1270.0000 1897.0000 1390.4603 357.3471 0.0000 15199.0000 0.5000 0.5000 0.0000 1.0000 2.7801 0.1318 2.6869 2.8732
2.0000 32613.0000 2677.1063 30720.0000 34506.0000 25.0000 4.2426 22.0000 28.0000 4373.0000 1023.8906 3649.0000 5097.0000 1583.5000 443.3560 1270.0000 1897.0000 1390.4603 357.3471 0.0000 15199.0000 0.5000 0.5000 0.0000 1.0000 2.7801 0.1318 2.6869 2.8732
2.0000 32613.0000 2677.1063 30720.0000 34506.0000 25.0000 4.2426 22.0000 28.0000 4373.0000 1023.8906 3649.0000 5097.0000 1583.5000 443.3560 1270.0000 1897.0000 1390.4603 357.3471 0.0000 15199.0000 0.5000 0.5000 0.0000 1.0000 2.7801 0.1318 2.6869 2.8732
2.0000 19837.0000 20745.0987 5168.0000 34506.0000 28.0000 8.4853 22.0000 34.0000 5098.0000 2049.1955 3649.0000 6547.0000 1897.0000 886.7119 1270.0000 2524.0000 899.8745 1051.1402 0.0000 15199.0000 0.5000 0.5000 0.0000 1.0000 2.7336 0.1975 2.5939 2.8732
3.0000 21531.3333 14959.6744 5168.0000 34506.0000 26.0000 6.9282 22.0000 34.0000 4615.0000 1673.1611 3649.0000 6547.0000 1688.0000 723.9972 1270.0000 2524.0000 995.4719 761.4883 0.0000 15199.0000 1.0000 0.8165 0.0000 2.0000 2.7801 0.1613 2.5939 2.8732
3.0000 21531.3333 14959.6744 5168.0000 34506.0000 26.0000 6.9282 22.0000 34.0000 4615.0000 1673.1611 3649.0000 6547.0000 1688.0000 723.9972 1270.0000 2524.0000 995.4719 761.4883 0.0000 15199.0000 1.0000 0.8165 0.0000 2.0000 2.7801 0.1613 2.5939 2.8732
3.0000 16399.3333 10151.1655 5168.0000 24920.0000 25.3333 7.5719 20.0000 34.0000 4615.0000 1673.1611 3649.0000 6547.0000 1688.0000 723.9972 1270.0000 2524.0000 783.0207 549.9779 0.0000 15032.0000 1.0000 0.8165 0.0000 2.0000 2.7801 0.1613 2.5939 2.8732
3.0000 16399.3333 10151.1655 5168.0000 24920.0000 25.3333 7.5719 20.0000 34.0000 4615.0000 1673.1611 3649.0000 6547.0000 1688.0000 723.9972 1270.0000 2524.0000 783.0207 549.9779 0.0000 15032.0000 1.0000 0.8165 0.0000 2.0000 2.7801 0.1613 2.5939 2.8732
4.0000 16475.5000 8289.7917 5168.0000 24920.0000 24.0000 6.7330 20.0000 34.0000 4373.7500 1448.8334 3649.0000 6547.0000 1583.5000 627.0000 1270.0000 2524.0000 807.0550 451.6204 0.0000 15032.0000 0.7500 0.8292 0.0000 2.0000 2.8036 0.1398 2.5939 2.8740
3.0000 20244.6667 4223.8922 16704.0000 24920.0000 20.6667 1.1547 20.0000 22.0000 3649.3333 0.5774 3649.0000 3650.0000 1270.0000 0.0000 1270.0000 1270.0000 1023.8713 154.5498 0.0000 15032.0000 1.0000 0.8165 0.0000 2.0000 2.8735 0.0005 2.8732 2.8740
3.0000 15144.3333 4933.9832 9619.0000 19110.0000 22.0000 3.4641 20.0000 26.0000 4132.0000 835.7147 3649.0000 5097.0000 1479.0000 361.9986 1270.0000 1897.0000 756.5691 328.1622 0.0000 14029.0000 1.0000 0.8165 0.0000 2.0000 2.8114 0.1078 2.6869 2.8740
4.0000 13903.5000 4731.6096 9619.0000 19110.0000 21.5000 3.0000 20.0000 26.0000 4011.7500 723.5005 3649.0000 5097.0000 1426.7500 313.5000 1270.0000 1897.0000 701.3874 289.7822 0.0000 14029.0000 0.7500 0.8292 0.0000 2.0000 2.8272 0.0936 2.6869 2.8748
4.0000 18534.0000 13131.7978 9619.0000 37632.0000 22.5000 3.0000 20.0000 26.0000 4011.7500 723.5005 3649.0000 5097.0000 1426.7500 313.5000 1270.0000 1897.0000 858.9835 557.8949 0.0000 15113.0000 0.7500 0.8292 0.0000 2.0000 2.8272 0.0936 2.6869 2.8748
4.0000 18534.0000 13131.7978 9619.0000 37632.0000 22.5000 3.0000 20.0000 26.0000 4011.7500 723.5005 3649.0000 5097.0000 1426.7500 313.5000 1270.0000 1897.0000 858.9835 557.8949 0.0000 15113.0000 0.7500 0.8292 0.0000 2.0000 2.8272 0.0936 2.6869 2.8748
3.0000 19144.0000 16013.5433 9619.0000 37632.0000 23.3333 3.0551 20.0000 26.0000 4132.3333 835.4264 3649.0000 5097.0000 1479.0000 361.9986 1270.0000 1897.0000 852.2587 683.0804 0.0000 15113.0000 1.0000 0.8165 0.0000 2.0000 2.8116 0.1080 2.6869 2.8748
3.0000 19144.0000 16013.5433 9619.0000 37632.0000 23.3333 3.0551 20.0000 26.0000 4132.3333 835.4264 3649.0000 5097.0000 1479.0000 361.9986 1270.0000 1897.0000 852.2587 683.0804 0.0000 15113.0000 1.0000 0.8165 0.0000 2.0000 2.8116 0.1080 2.6869 2.8748
3.0000 20485.6667 14949.7710 10181.0000 37632.0000 24.6667 5.0332 20.0000 30.0000 4616.3333 1673.7387 3649.0000 6549.0000 1688.0000 723.9972 1270.0000 2524.0000 880.8329 654.9603 0.0000 15113.0000 1.0000 0.8165 0.0000 2.0000 2.7809 0.1613 2.5947 2.8748
3.0000 22263.3333 13342.4571 13644.0000 37632.0000 24.6667 5.0332 20.0000 30.0000 4616.3333 1673.7387 3649.0000 6549.0000 1688.0000 723.9972 1270.0000 2524.0000 974.3943 598.6658 0.0000 15113.0000 1.0000 0.8165 0.0000 2.0000 2.7809 0.1613 2.5947 2.8748
3.0000 20005.0000 9444.5039 13644.0000 30857.0000 24.0000 5.2915 20.0000 30.0000 4616.0000 1674.0278 3648.0000 6549.0000 1688.0000 723.9972 1270.0000 2524.0000 918.7967 507.2414 0.0000 15154.0000 1.0000 0.8165 0.0000 2.0000 2.7806 0.1610 2.5947 2.8748
3.0000 20005.0000 9444.5039 13644.0000 30857.0000 24.0000 5.2915 20.0000 30.0000 4616.0000 1674.0278 3648.0000 6549.0000 1688.0000 723.9972 1270.0000 2524.0000 918.7967 507.2414 0.0000 15154.0000 1.0000 0.8165 0.0000 2.0000 2.7806 0.1610 2.5947 2.8748
3.0000 20005.0000 9444.5039 13644.0000 30857.0000 24.0000 5.2915 20.0000 30.0000 4616.0000 1674.0278 3648.0000 6549.0000 1688.0000 723.9972 1270.0000 2524.0000 918.7967 507.2414 0.0000 15154.0000 1.0000 0.8165 0.0000 2.0000 2.7806 0.1610 2.5947 2.8748
3.0000 20005.0000 9444.5039 13644.0000 30857.0000 24.0000 5.2915 20.0000 30.0000 4616.0000 1674.0278 3648.0000 6549.0000 1688.0000 723.9972 1270.0000 2524.0000 918.7967 507.2414 0.0000 15154.0000 1.0000 0.8165 0.0000 2.0000 2.7806 0.1610 2.5947 2.8748
3.0000 25035.3333 8313.6973 15514.0000 30857.0000 21.3333 1.1547 20.0000 22.0000 3649.6667 1.5275 3648.0000 3651.0000 1270.0000 0.0000 1270.0000 1270.0000 1218.0802 351.4069 0.0000 15154.0000 1.0000 0.8165 0.0000 2.0000 2.8738 0.0012 2.8724 2.8748
2.0000 29796.0000 1500.4806 28735.0000 30857.0000 22.0000 0.0000 22.0000 22.0000 3649.0000 1.4142 3648.0000 3650.0000 1270.0000 0.0000 1270.0000 1270.0000 1418.8571 71.4515 0.0000 15154.0000 0.5000 0.5000 0.0000 1.0000 2.8732 0.0011 2.8724 2.8740
2.0000 17802.5000 15460.8898 6870.0000 28735.0000 21.0000 1.4142 20.0000 22.0000 3650.0000 0.0000 3650.0000 3650.0000 1270.0000 0.0000 1270.0000 1270.0000 864.9561 711.8829 0.0000 15005.0000 0.5000 0.5000 0.0000 1.0000 2.8740 0.0000 2.8740 2.8740
3.0000 15222.0000 11810.8635 6870.0000 28735.0000 23.3333 4.1633 20.0000 28.0000 4614.6667 1670.8517 3650.0000 6544.0000 1688.0000 723.9972 1270.0000 2524.0000 700.8473 578.0863 0.0000 15005.0000 1.0000 0.8165 0.0000 2.0000 2.7802 0.1624 2.5927 2.8740
4.0000 23885.2500 19829.4041 6870.0000 49875.0000 23.5000 3.4157 20.0000 28.0000 4373.5000 1447.0000 3650.0000 6544.0000 1583.5000 627.0000 1270.0000 2524.0000 1067.7550 872.5103 0.0000 15129.0000 0.7500 0.8292 0.0000 2.0000 2.8037 0.1407 2.5927 2.8740
4.0000 23885.2500 19829.4041 6870.0000 49875.0000 23.5000 3.4157 20.0000 28.0000 4373.5000 1447.0000 3650.0000 6544.0000 1583.5000 627.0000 1270.0000 2524.0000 1067.7550 872.5103 0.0000 15129.0000 0.7500 0.8292 0.0000 2.0000 2.8037 0.1407 2.5927 2.8740
3.0000 22268.6667 23960.9651 6870.0000 49875.0000 24.0000 4.0000 20.0000 28.0000 4614.6667 1670.8517 3650.0000 6544.0000 1688.0000 723.9972 1270.0000 2524.0000 967.5623 1040.0384 0.0000 15129.0000 1.0000 0.8165 0.0000 2.0000 2.7802 0.1624 2.5927 2.8740
3.0000 22268.6667 23960.9651 6870.0000 49875.0000 24.0000 4.0000 20.0000 28.0000 4614.6667 1670.8517 3650.0000 6544.0000 1688.0000 723.9972 1270.0000 2524.0000 967.5623 1040.0384 0.0000 15129.0000 1.0000 0.8165 0.0000 2.0000 2.7802 0.1624 2.5927 2.8740
2.0000 29968.0000 28152.7494 10061.0000 49875.0000 26.0000 2.8284 24.0000 28.0000 5097.0000 2046.3670 3650.0000 6544.0000 1897.0000 886.7119 1270.0000 2524.0000 1270.5539 1269.8567 0.0000 15129.0000 0.5000 0.5000 0.0000 1.0000 2.7334 0.1989 2.5927 2.8740
2.0000 37070.5000 18108.2976 24266.0000 49875.0000 24.0000 0.0000 24.0000 24.0000 3650.0000 0.0000 3650.0000 3650.0000 1270.0000 0.0000 1270.0000 1270.0000 1611.7609 787.3173 0.0000 15204.0000 0.5000 0.5000 0.0000 1.0000 2.8740 0.0000 2.8740 2.8740
1.0000 24266.0000 0.0000 24266.0000 24266.0000 24.0000 0.0000 24.0000 24.0000 3650.0000 0.0000 3650.0000 3650.0000 1270.0000 0.0000 1270.0000 1270.0000 1055.0435 0.0000 0.0000 15204.0000 1.0000 0.0000 1.0000 1.0000 2.8740 0.0000 2.8740 2.8740
1.0000 24266.0000 0.0000 24266.0000 24266.0000 24.0000 0.0000 24.0000 24.0000 3650.0000 0.0000 3650.0000 3650.0000 1270.0000 0.0000 1270.0000 1270.0000 1055.0435 0.0000 0.0000 15204.0000 1.0000 0.0000 1.0000 1.0000 2.8740 0.0000 2.8740 2.8740
2.0000 23157.0000 1568.3628 22048.0000 24266.0000 25.0000 1.4142 24.0000 26.0000 4374.5000 1024.5977 3650.0000 5099.0000 1583.5000 443.3560 1270.0000 1897.0000 968.4817 122.4168 0.0000 15204.0000 0.5000 0.5000 0.0000 1.0000 2.7810 0.1316 2.6879 2.8740
2.0000 23157.0000 1568.3628 22048.0000 24266.0000 25.0000 1.4142 24.0000 26.0000 4374.5000 1024.5977 3650.0000 5099.0000 1583.5000 443.3560 1270.0000 1897.0000 968.4817 122.4168 0.0000 15204.0000 0.5000 0.5000 0.0000 1.0000 2.7810 0.1316 2.6879 2.8740
3.0000 21761.0000 2660.1370 18969.0000 24266.0000 23.3333 3.0551 20.0000 26.0000 4133.0000 836.5805 3650.0000 5099.0000 1479.0000 361.9986 1270.0000 1897.0000 978.4440 88.2648 0.0000 15204.0000 1.0000 0.8165 0.0000 2.0000 2.8120 0.1074 2.6879 2.8740
2.0000 20508.5000 2177.1818 18969.0000 22048.0000 23.0000 4.2426 20.0000 26.0000 4374.5000 1024.5977 3650.0000 5099.0000 1583.5000 443.3560 1270.0000 1897.0000 940.1442 82.3415 0.0000 14987.0000 0.5000 0.5000 0.0000 1.0000 2.7810 0.1316 2.6879 2.8740
4.0000 16907.5000 7277.0925 6156.0000 22048.0000 22.0000 2.8284 20.0000 26.0000 4012.2500 724.5000 3650.0000 5099.0000 1426.7500 313.5000 1270.0000 1897.0000 794.6078 317.7244 0.0000 15180.0000 0.7500 0.8292 0.0000 2.0000 2.8275 0.0930 2.6879 2.8740
4.0000 16907.5000 7277.0925 6156.0000 22048.0000 22.0000 2.8284 20.0000 26.0000 4012.2500 724.5000 3650.0000 5099.0000 1426.7500 313.5000 1270.0000 1897.0000 794.6078 317.7244 0.0000 15180.0000 0.7500 0.8292 0.0000 2.0000 2.8275 0.0930 2.6879 2.8740
4.0000 18157.0000 8736.6597 6156.0000 27046.0000 22.0000 2.8284 20.0000 26.0000 4012.0000 724.0000 3650.0000 5098.0000 1426.7500 313.5000 1270.0000 1897.0000 844.5878 350.1111 0.0000 15187.0000 0.7500 0.8292 0.0000 2.0000 2.8274 0.0933 2.6874 2.8740
4.0000 18157.0000 8736.6597 6156.0000 27046.0000 22.0000 2.8284 20.0000 26.0000 4012.0000 724.0000 3650.0000 5098.0000 1426.7500 313.5000 1270.0000 1897.0000 844.5878 350.1111 0.0000 15187.0000 0.7500 0.8292 0.0000 2.0000 2.8274 0.0933 2.6874 2.8740
3.0000 17886.3333 10679.6194 6156.0000 27046.0000 22.6667 3.0551 20.0000 26.0000 4132.6667 836.0032 3650.0000 5098.0000 1479.0000 361.9986 1270.0000 1897.0000 793.3276 410.0012 0.0000 15187.0000 1.0000 0.8165 0.0000 2.0000 2.8118 0.1077 2.6874 2.8740
4.0000 20496.7500 10163.3302 6156.0000 28328.0000 22.5000 2.5166 20.0000 26.0000 4012.0000 724.0000 3650.0000 5098.0000 1426.7500 313.5000 1270.0000 1897.0000 932.2338 435.0253 0.0000 15187.0000 0.7500 0.8292 0.0000 2.0000 2.8274 0.0933 2.6874 2.8740
2.0000 27687.0000 906.5109 27046.0000 28328.0000 24.0000 2.8284 22.0000 26.0000 4374.0000 1023.8906 3650.0000 5098.0000 1583.5000 443.3560 1270.0000 1897.0000 1215.3962 188.8770 0.0000 15187.0000 0.5000 0.5000 0.0000 1.0000 2.7807 0.1320 2.6874 2.8740
2.0000 27687.0000 906.5109 27046.0000 28328.0000 24.0000 2.8284 22.0000 26.0000 4374.0000 1023.8906 3650.0000 5098.0000 1583.5000 443.3560 1270.0000 1897.0000 1215.3962 188.8770 0.0000 15187.0000 0.5000 0.5000 0.0000 1.0000 2.7807 0.1320 2.6874 2.8740
2.0000 26398.0000 2729.4322 24468.0000 28328.0000 22.0000 0.0000 22.0000 22.0000 3650.0000 0.0000 3650.0000 3650.0000 1270.0000 0.0000 1270.0000 1270.0000 1257.0476 129.9730 0.0000 15105.0000 0.5000 0.5000 0.0000 1.0000 2.8740 0.0000 2.8740 2.8740
2.0000 26398.0000 2729.4322 24468.0000 28328.0000 22.0000 0.0000 22.0000 22.0000 3650.0000 0.0000 3650.0000 3650.0000 1270.0000 0.0000 1270.0000 1270.0000 1257.0476 129.9730 0.0000 15105.0000 0.5000 0.5000 0.0000 1.0000 2.8740 0.0000 2.8740 2.8740
3.0000 21144.6667 9301.4748 10638.0000 28328.0000 21.3333 1.1547 20.0000 22.0000 3650.0000 0.0000 3650.0000 3650.0000 1270.0000 0.0000 1270.0000 1270.0000 1024.6633 412.8606 0.0000 15105.0000 1.0000 0.8165 0.0000 2.0000 2.8740 0.0000 2.8740 2.8740
3.0000 14579.6667 8622.0275 8633.0000 24468.0000 20.6667 1.1547 20.0000 22.0000 3650.0000 0.0000 3650.0000 3650.0000 1270.0000 0.0000 1270.0000 1270.0000 726.4687 383.5495 0.0000 15105.0000 1.0000 0.8165 0.0000 2.0000 2.8740 0.0000 2.8740 2.8740
4.0000 13718.0000 7247.7203 8633.0000 24468.0000 21.0000 1.1547 20.0000 22.0000 3650.0000 0.0000 3650.0000 3650.0000 1270.0000 0.0000 1270.0000 1270.0000 677.3872 328.1912 0.0000 15105.0000 0.7500 0.8292 0.0000 2.0000 2.8740 0.0000 2.8740 2.8740
5.0000 14475.4000 6501.1815 8633.0000 24468.0000 21.6000 1.6733 20.0000 24.0000 3939.6000 647.5653 3650.0000 5098.0000 1395.4000 280.4029 1270.0000 1897.0000 694.1272 286.6761 0.0000 15105.0000 0.8000 0.7483 0.0000 2.0000 2.8367 0.0835 2.6874 2.8740
4.0000 11977.2500 3840.4156 8633.0000 17505.0000 21.5000 1.9149 20.0000 24.0000 4012.0000 724.0000 3650.0000 5098.0000 1426.7500 313.5000 1270.0000 1897.0000 576.3732 130.9111 0.0000 12420.0000 0.7500 0.8292 0.0000 2.0000 2.8274 0.0933 2.6874 2.8740
5.0000 13867.8000 5378.8931 8633.0000 21430.0000 21.6000 1.6733 20.0000 24.0000 3939.4000 647.6772 3649.0000 5098.0000 1395.4000 280.4029 1270.0000 1897.0000 665.1938 228.6892 0.0000 15181.0000 0.8000 0.7483 0.0000 2.0000 2.8365 0.0834 2.6874 2.8740
4.0000 14675.2500 5850.6539 8633.0000 21430.0000 22.0000 1.6330 20.0000 24.0000 4011.7500 724.1668 3649.0000 5098.0000 1426.7500 313.5000 1270.0000 1897.0000 691.5186 255.1700 0.0000 15181.0000 0.7500 0.8292 0.0000 2.0000 2.8272 0.0932 2.6874 2.8740
4.0000 14205.2500 6533.5063 6753.0000 21430.0000 22.0000 1.6330 20.0000 24.0000 4012.0000 724.0005 3649.0000 5098.0000 1426.7500 313.5000 1270.0000 1897.0000 666.7818 288.4492 0.0000 15181.0000 0.7500 0.8292 0.0000 2.0000 2.8274 0.0933 2.6874 2.8748
4.0000 17801.7500 8059.8404 6753.0000 25519.0000 23.0000 2.5820 20.0000 26.0000 4374.0000 836.0036 3649.0000 5098.0000 1583.5000 361.9986 1270.0000 1897.0000 789.4360 314.1459 0.0000 15181.0000 0.7500 0.8292 0.0000 2.0000 2.7807 0.1077 2.6874 2.8748
3.0000 17900.6667 9868.2741 6753.0000 25519.0000 22.6667 3.0551 20.0000 26.0000 4132.6667 836.0038 3649.0000 5098.0000 1479.0000 361.9986 1270.0000 1897.0000 798.8857 384.0517 0.0000 15181.0000 1.0000 0.8165 0.0000 2.0000 2.8118 0.1077 2.6874 2.8748
4.0000 16575.2500 8482.2643 6753.0000 25519.0000 22.5000 2.5166 20.0000 26.0000 4012.2500 723.8339 3649.0000 5098.0000 1426.7500 313.5000 1270.0000 1897.0000 749.1524 328.9743 0.0000 15181.0000 0.7500 0.8292 0.0000 2.0000 2.8276 0.0934 2.6874 2.8748
3.0000 14957.0000 9602.6461 6753.0000 25519.0000 22.6667 3.0551 20.0000 26.0000 4133.3333 835.4258 3651.0000 5098.0000 1479.0000 361.9986 1270.0000 1897.0000 658.7111 336.5389 0.0000 15155.0000 1.0000 0.8165 0.0000 2.0000 2.8123 0.1082 2.6874 2.8748
4.0000 18123.0000 10078.1000 6753.0000 27621.0000 22.5000 2.5166 20.0000 26.0000 4012.5000 723.6668 3650.0000 5098.0000 1426.7500 313.5000 1270.0000 1897.0000 822.8548 428.1100 0.0000 15168.0000 0.7500 0.8292 0.0000 2.0000 2.8278 0.0936 2.6874 2.8748
3.0000 21913.0000 8134.3437 12599.0000 27621.0000 23.3333 2.3094 22.0000 26.0000 4133.0000 835.7147 3650.0000 5098.0000 1479.0000 361.9986 1270.0000 1897.0000 978.6660 359.5196 0.0000 15168.0000 1.0000 0.8165 0.0000 2.0000 2.8121 0.1080 2.6874 2.8748
3.0000 17294.3333 8955.3926 11663.0000 27621.0000 21.3333 1.1547 20.0000 22.0000 3650.3333 0.5774 3650.0000 3651.0000 1270.0000 0.0000 1270.0000 1270.0000 843.0267 409.0472 0.0000 15168.0000 1.0000 0.8165 0.0000 2.0000 2.8743 0.0005 2.8740 2.8748
3.0000 17294.3333 8955.3926 11663.0000 27621.0000 21.3333 1.1547 20.0000 22.0000 3650.3333 0.5774 3650.0000 3651.0000 1270.0000 0.0000 1270.0000 1270.0000 843.0267 409.0472 0.0000 15168.0000 1.0000 0.8165 0.0000 2.0000 2.8743 0.0005 2.8740 2.8748
4.0000 12804.5000 10236.1209 5965.0000 27621.0000 22.0000 2.8284 20.0000 26.0000 4012.2500 723.8335 3650.0000 5098.0000 1426.7500 313.5000 1270.0000 1897.0000 620.4588 490.7380 0.0000 15168.0000 0.7500 0.8292 0.0000 2.0000 2.8276 0.0934 2.6874 2.8748
