20.0000 3066.0500 23.2955 3039.0000 3137.0000 16.0000 0.0000 16.0000 16.0000 4168.0000 0.0000 4168.0000 4168.0000 956.0000 0.0000 956.0000 956.0000 204.4033 1.5530 0.0000 3117.0000 -17.7500 5.8213 -34.0000 -8.0000 4.3598 0.0000 4.3598 4.3598
19.0000 3060.4737 16.7311 3039.0000 3095.0000 16.0000 0.0000 16.0000 16.0000 4168.0000 0.0000 4168.0000 4168.0000 956.0000 0.0000 956.0000 956.0000 204.0316 1.1154 0.0000 3062.0000 -18.0526 5.8172 -34.0000 -8.0000 4.3598 0.0000 4.3598 4.3598
20.0000 3056.0000 14.5530 3039.0000 3095.0000 16.0000 0.0000 16.0000 16.0000 4168.0000 0.0000 4168.0000 4168.0000 956.0000 0.0000 956.0000 956.0000 203.7333 0.9702 0.0000 3062.0000 -17.7500 5.8213 -34.0000 -8.0000 4.3598 0.0000 4.3598 4.3598
20.0000 3050.7000 9.5151 3039.0000 3070.0000 16.0000 0.0000 16.0000 16.0000 4168.0000 0.0000 4168.0000 4168.0000 956.0000 0.0000 956.0000 956.0000 203.3800 0.6343 0.0000 3037.0000 -17.7500 5.8213 -34.0000 -8.0000 4.3598 0.0000 4.3598 4.3598
18.0000 4450.7222 4839.4790 3039.0000 23261.0000 16.2222 0.7321 16.0000 19.0000 4168.0000 0.0000 4168.0000 4168.0000 980.4444 71.1438 956.0000 1176.0000 280.4932 262.1675 0.0000 15158.0000 -17.1667 4.5613 -27.0000 -8.0000 4.2692 0.2638 3.5442 4.3598
15.0000 4733.0000 5284.6017 3042.0000 23261.0000 16.2667 0.7988 16.0000 19.0000 4168.0000 0.0000 4168.0000 4168.0000 985.3333 77.4105 956.0000 1176.0000 296.0674 286.1831 0.0000 15158.0000 -17.3333 4.9486 -27.0000 -8.0000 4.2511 0.2870 3.5442 4.3598
13.0000 5376.0000 5688.5265 3042.0000 23261.0000 16.3077 0.8549 16.0000 19.0000 4168.0000 0.0000 4168.0000 4168.0000 1006.8462 96.6228 956.0000 1177.0000 335.9393 310.7678 0.0000 15158.0000 -17.5385 5.2274 -27.0000 -8.0000 4.1714 0.3581 3.5412 4.3598
14.0000 6208.1429 5716.8921 3042.0000 23261.0000 16.4286 0.8516 16.0000 19.0000 4168.0000 0.0000 4168.0000 4168.0000 1066.2143 114.3753 956.0000 1177.0000 387.0398 317.0386 0.0000 15158.0000 -17.2857 5.1190 -27.0000 -8.0000 3.9514 0.4239 3.5412 4.3598
11.0000 7432.1818 6076.6471 3042.0000 23261.0000 16.5455 0.9342 16.0000 19.0000 4168.0000 0.0000 4168.0000 4168.0000 1116.6364 103.1768 956.0000 1180.0000 461.3234 334.3710 0.0000 15158.0000 -16.9091 5.0173 -27.0000 -8.0000 3.7647 0.3822 3.5322 4.3598
10.0000 9077.1000 5752.9592 3052.0000 23261.0000 16.8000 0.9189 16.0000 19.0000 4168.0000 0.0000 4168.0000 4168.0000 1176.8000 1.2293 1176.0000 1180.0000 560.0082 311.6583 0.0000 15158.0000 -17.2000 5.1730 -27.0000 -8.0000 3.5418 0.0037 3.5322 3.5442
9.0000 7390.5556 3043.9260 3052.0000 12042.0000 16.4444 0.5270 16.0000 17.0000 4168.0000 0.0000 4168.0000 4168.0000 1177.0000 1.2247 1176.0000 1180.0000 475.0005 186.3257 0.0000 8045.0000 -16.1111 4.2281 -23.0000 -8.0000 3.5412 0.0037 3.5322 3.5442
11.0000 7328.0909 2726.1151 3052.0000 12042.0000 16.4545 0.5222 16.0000 17.0000 4168.0000 0.0000 4168.0000 4168.0000 1177.0000 1.0954 1176.0000 1180.0000 471.3864 166.9801 0.0000 8045.0000 -16.9091 5.0173 -27.0000 -8.0000 3.5412 0.0033 3.5322 3.5442
12.0000 7223.7500 2589.6672 3052.0000 12042.0000 16.5000 0.5222 16.0000 17.0000 4168.0000 0.0000 4168.0000 4168.0000 1177.2500 1.3568 1176.0000 1180.0000 463.4059 157.9763 0.0000 8018.0000 -17.6667 5.4212 -27.0000 -8.0000 3.5405 0.0041 3.5322 3.5442
10.0000 7864.0000 1695.0211 7045.0000 11083.0000 16.6000 0.5164 16.0000 17.0000 4168.0000 0.0000 4168.0000 4168.0000 1177.4000 1.4298 1176.0000 1180.0000 503.2613 100.6726 0.0000 7048.0000 -17.2000 5.1730 -27.0000 -8.0000 3.5400 0.0043 3.5322 3.5442
11.0000 7790.2727 1626.5346 7037.0000 11083.0000 16.6364 0.5045 16.0000 17.0000 4168.0000 0.0000 4168.0000 4168.0000 1177.0909 1.0445 1176.0000 1180.0000 497.5902 97.3738 0.0000 7048.0000 -16.9091 5.0173 -27.0000 -8.0000 3.5409 0.0031 3.5322 3.5442
11.0000 7786.7273 1619.1550 7037.0000 11077.0000 16.5455 0.5222 16.0000 17.0000 4168.0000 0.0000 4168.0000 4168.0000 1177.1818 0.9816 1176.0000 1180.0000 500.0432 95.6146 0.0000 7048.0000 -16.9091 5.0173 -27.0000 -8.0000 3.5407 0.0029 3.5322 3.5442
12.0000 7392.3333 2062.9390 3046.0000 11077.0000 16.5833 0.5149 16.0000 17.0000 4168.0000 0.0000 4168.0000 4168.0000 1177.3333 1.3027 1176.0000 1180.0000 472.8878 125.5266 0.0000 7048.0000 -17.6667 5.4212 -27.0000 -8.0000 3.5402 0.0039 3.5322 3.5442
12.0000 7058.6667 2418.4615 3035.0000 11077.0000 16.5000 0.5222 16.0000 17.0000 4168.0000 0.0000 4168.0000 4168.0000 1177.3333 1.3027 1176.0000 1180.0000 453.0896 147.9432 0.0000 7048.0000 -17.6667 5.4212 -27.0000 -8.0000 3.5402 0.0039 3.5322 3.5442
13.0000 6129.0769 2909.3186 3029.0000 11077.0000 16.3846 0.5064 16.0000 17.0000 4168.0000 0.0000 4168.0000 4168.0000 1176.9231 1.0377 1176.0000 1180.0000 394.7272 178.9323 0.0000 7041.0000 -17.5385 5.2274 -27.0000 -8.0000 3.5414 0.0031 3.5322 3.5442
14.0000 5048.9286 2605.0475 3029.0000 11046.0000 16.2143 0.4258 16.0000 17.0000 4168.0000 0.0000 4168.0000 4168.0000 1177.0000 1.1767 1176.0000 1180.0000 329.1119 162.3596 0.0000 7037.0000 -17.2857 5.1190 -27.0000 -8.0000 3.5412 0.0035 3.5322 3.5442
16.0000 5050.3125 2926.8146 3029.0000 11069.0000 16.2500 0.4472 16.0000 17.0000 4168.0000 0.0000 4168.0000 4168.0000 1193.0000 34.7505 1175.0000 1263.0000 327.2518 180.0137 0.0000 7037.0000 -17.1875 4.8247 -27.0000 -8.0000 3.4964 0.0975 3.3001 3.5472
15.0000 4650.2667 2537.2194 3029.0000 11069.0000 16.2000 0.4140 16.0000 17.0000 4168.0000 0.0000 4168.0000 4168.0000 1199.8000 39.4683 1175.0000 1263.0000 303.0214 157.0517 0.0000 7035.0000 -17.3333 4.9486 -27.0000 -8.0000 3.4773 0.1107 3.3001 3.5472
16.0000 4302.3750 2413.2364 3029.0000 11069.0000 16.1250 0.3416 16.0000 17.0000 4168.0000 0.0000 4168.0000 4168.0000 1214.5625 44.5226 1175.0000 1266.0000 282.1047 150.2158 0.0000 7035.0000 -17.1875 4.8247 -27.0000 -8.0000 3.4360 0.1248 3.2923 3.5472
17.0000 4700.0000 2852.4573 3029.0000 11069.0000 16.2353 0.4372 16.0000 17.0000 4168.0000 0.0000 4168.0000 4168.0000 1228.0588 44.5652 1175.0000 1268.0000 304.4549 174.3935 0.0000 7034.0000 -17.1176 4.6889 -27.0000 -8.0000 3.3982 0.1249 3.2871 3.5472
15.0000 5189.5333 2974.7782 3043.0000 11069.0000 16.2667 0.4577 16.0000 17.0000 4168.0000 0.0000 4168.0000 4168.0000 1241.1333 40.4102 1175.0000 1269.0000 335.9067 182.8952 0.0000 7042.0000 -17.3333 4.9486 -27.0000 -8.0000 3.3617 0.1132 3.2845 3.5472
15.0000 5989.8000 3199.0888 3043.0000 11073.0000 16.4000 0.5071 16.0000 17.0000 4168.0000 0.0000 4168.0000 4168.0000 1259.5333 23.5550 1175.0000 1269.0000 384.2239 195.7143 0.0000 7042.0000 -17.3333 4.9486 -27.0000 -8.0000 3.3103 0.0660 3.2845 3.5472
12.0000 6057.6667 3017.0698 3044.0000 11073.0000 16.3333 0.4924 16.0000 17.0000 4168.0000 0.0000 4168.0000 4168.0000 1266.5000 2.9077 1262.0000 1269.0000 391.2681 185.8147 0.0000 7042.0000 -17.6667 5.4212 -27.0000 -8.0000 3.2910 0.0076 3.2845 3.3027
14.0000 6200.5000 3204.2902 3044.0000 11073.0000 16.4286 0.5136 16.0000 17.0000 4168.0000 0.0000 4168.0000 4168.0000 1267.4286 2.8747 1262.0000 1272.0000 397.2057 195.9423 0.0000 7042.0000 -17.2857 5.1190 -27.0000 -8.0000 3.2886 0.0075 3.2767 3.3027
12.0000 7054.6667 2952.7615 3044.0000 11073.0000 16.5000 0.5222 16.0000 17.0000 4168.0000 0.0000 4168.0000 4168.0000 1268.4167 2.2747 1262.0000 1272.0000 451.4566 180.2253 0.0000 7042.0000 -17.6667 5.4212 -27.0000 -8.0000 3.2860 0.0059 3.2767 3.3027
11.0000 7053.3636 2527.1895 3044.0000 11073.0000 16.4545 0.5222 16.0000 17.0000 4168.0000 0.0000 4168.0000 4168.0000 1269.1818 0.9816 1268.0000 1272.0000 453.8439 154.4823 0.0000 7042.0000 -16.9091 5.0173 -27.0000 -8.0000 3.2840 0.0025 3.2767 3.2871
13.0000 6433.3846 2756.3969 3034.0000 11073.0000 16.4615 0.5189 16.0000 17.0000 4168.0000 0.0000 4168.0000 4168.0000 1269.3077 1.2506 1268.0000 1272.0000 412.7760 169.1102 0.0000 7039.0000 -17.5385 5.2274 -27.0000 -8.0000 3.2837 0.0032 3.2767 3.2871
12.0000 6045.6667 2484.4779 3034.0000 11044.0000 16.3333 0.4924 16.0000 17.0000 4168.0000 0.0000 4168.0000 4168.0000 1269.3333 1.3027 1268.0000 1272.0000 391.8774 154.5238 0.0000 7039.0000 -17.6667 5.4212 -27.0000 -8.0000 3.2836 0.0034 3.2767 3.2871
13.0000 6120.0769 2393.7646 3034.0000 11044.0000 16.3846 0.5064 16.0000 17.0000 4168.0000 0.0000 4168.0000 4168.0000 1269.3077 1.2506 1268.0000 1272.0000 395.4397 148.4671 0.0000 7026.0000 -17.5385 5.2274 -27.0000 -8.0000 3.2837 0.0032 3.2767 3.2871
13.0000 5501.0769 2029.8774 3032.0000 7057.0000 16.3077 0.4804 16.0000 17.0000 4168.0000 0.0000 4168.0000 4168.0000 1269.3077 1.2506 1268.0000 1272.0000 357.7064 128.4425 0.0000 7026.0000 -17.5385 5.2274 -27.0000 -8.0000 3.2837 0.0032 3.2767 3.2871
14.0000 5896.9286 2449.0495 3032.0000 11044.0000 16.3571 0.4972 16.0000 17.0000 4168.0000 0.0000 4168.0000 4168.0000 1269.2857 1.2044 1268.0000 1272.0000 381.4548 152.0740 0.0000 7027.0000 -17.2857 5.1190 -27.0000 -8.0000 3.2837 0.0031 3.2767 3.2871
14.0000 5610.6429 2536.9528 3032.0000 11044.0000 16.3571 0.4972 16.0000 17.0000 4168.0000 0.0000 4168.0000 4168.0000 1269.2857 1.2044 1268.0000 1272.0000 362.3705 156.8321 0.0000 7027.0000 -17.2857 5.1190 -27.0000 -8.0000 3.2837 0.0031 3.2767 3.2871
13.0000 5808.3846 2524.8296 3032.0000 11044.0000 16.3077 0.4804 16.0000 17.0000 4168.0000 0.0000 4168.0000 4168.0000 1269.3846 1.1929 1268.0000 1272.0000 376.9115 157.2310 0.0000 7027.0000 -17.5385 5.2274 -27.0000 -8.0000 3.2835 0.0031 3.2767 3.2871
13.0000 6423.3077 2756.9384 3032.0000 11044.0000 16.4615 0.5189 16.0000 17.0000 4168.0000 0.0000 4168.0000 4168.0000 1269.3077 1.2506 1268.0000 1272.0000 412.1135 169.1480 0.0000 7027.0000 -17.5385 5.2274 -27.0000 -8.0000 3.2837 0.0032 3.2767 3.2871
13.0000 6116.1538 2901.5102 3032.0000 11044.0000 16.3846 0.5064 16.0000 17.0000 4168.0000 0.0000 4168.0000 4168.0000 1269.3077 1.2506 1268.0000 1272.0000 393.8939 178.4262 0.0000 7027.0000 -17.5385 5.2274 -27.0000 -8.0000 3.2837 0.0032 3.2767 3.2871
12.0000 7042.1667 2957.1624 3036.0000 11062.0000 16.5000 0.5222 16.0000 17.0000 4168.0000 0.0000 4168.0000 4168.0000 1269.1667 0.9374 1268.0000 1272.0000 450.6326 180.5126 0.0000 7027.0000 -17.6667 5.4212 -27.0000 -8.0000 3.2840 0.0024 3.2767 3.2871
12.0000 6715.4167 2678.1965 3036.0000 11062.0000 16.5000 0.5222 16.0000 17.0000 4168.0000 0.0000 4168.0000 4168.0000 1269.3333 1.3027 1268.0000 1272.0000 430.2271 164.0999 0.0000 7066.0000 -17.6667 5.4212 -27.0000 -8.0000 3.2836 0.0034 3.2767 3.2871
12.0000 6722.4167 2676.3257 3036.0000 11062.0000 16.4167 0.5149 16.0000 17.0000 4168.0000 0.0000 4168.0000 4168.0000 1269.3333 1.3027 1268.0000 1272.0000 433.1368 164.3835 0.0000 7066.0000 -17.6667 5.4212 -27.0000 -8.0000 3.2836 0.0034 3.2767 3.2871
13.0000 6439.6923 2757.7078 3038.0000 11062.0000 16.4615 0.5189 16.0000 17.0000 4168.0000 0.0000 4168.0000 4168.0000 1268.9231 1.0377 1268.0000 1272.0000 413.1904 169.2481 0.0000 7066.0000 -17.5385 5.2274 -27.0000 -8.0000 3.2847 0.0027 3.2767 3.2871
13.0000 6133.6154 2402.9219 3038.0000 11062.0000 16.3846 0.5064 16.0000 17.0000 4168.0000 0.0000 4168.0000 4168.0000 1269.0769 1.1875 1268.0000 1272.0000 396.3189 149.0963 0.0000 7066.0000 -17.5385 5.2274 -27.0000 -8.0000 3.2843 0.0031 3.2767 3.2871
13.0000 6444.3077 2224.6401 3038.0000 11062.0000 16.4615 0.5189 16.0000 17.0000 4168.0000 0.0000 4168.0000 4168.0000 1269.0769 1.1875 1268.0000 1272.0000 414.7679 137.5883 0.0000 7066.0000 -17.5385 5.2274 -27.0000 -8.0000 3.2843 0.0031 3.2767 3.2871
13.0000 6753.5385 2569.6877 3038.0000 11072.0000 16.4615 0.5189 16.0000 17.0000 4168.0000 0.0000 4168.0000 4168.0000 1269.0769 1.1875 1268.0000 1272.0000 434.0949 157.7659 0.0000 7066.0000 -17.5385 5.2274 -27.0000 -8.0000 3.2843 0.0031 3.2767 3.2871
12.0000 6722.3333 2681.4515 3038.0000 11072.0000 16.4167 0.5149 16.0000 17.0000 4168.0000 0.0000 4168.0000 4168.0000 1268.9167 0.7930 1268.0000 1271.0000 433.1264 164.6897 0.0000 7053.0000 -17.6667 5.4212 -27.0000 -8.0000 3.2847 0.0021 3.2793 3.2871
13.0000 6741.8462 2570.8551 3038.0000 11072.0000 16.4615 0.5189 16.0000 17.0000 4168.0000 0.0000 4168.0000 4168.0000 1269.0769 1.1875 1268.0000 1272.0000 433.3240 157.7925 0.0000 7047.0000 -17.5385 5.2274 -27.0000 -8.0000 3.2843 0.0031 3.2767 3.2871
12.0000 7721.5000 2318.9151 3039.0000 11072.0000 16.5833 0.5149 16.0000 17.0000 4168.0000 0.0000 4168.0000 4168.0000 1269.2500 1.1382 1268.0000 1272.0000 493.4368 140.1125 0.0000 7047.0000 -17.6667 5.4212 -27.0000 -8.0000 3.2838 0.0029 3.2767 3.2871
11.0000 8148.0909 2596.6591 3039.0000 11072.0000 16.6364 0.5045 16.0000 17.0000 4168.0000 0.0000 4168.0000 4168.0000 1269.1818 0.9816 1268.0000 1272.0000 518.4155 156.5261 0.0000 7047.0000 -16.9091 5.0173 -27.0000 -8.0000 3.2840 0.0025 3.2767 3.2871
11.0000 7784.8182 3011.8263 3039.0000 11072.0000 16.5455 0.5222 16.0000 17.0000 4168.0000 0.0000 4168.0000 4168.0000 1269.4545 1.2933 1268.0000 1272.0000 496.8727 182.4733 0.0000 7047.0000 -16.9091 5.0173 -27.0000 -8.0000 3.2833 0.0033 3.2767 3.2871
11.0000 7056.0909 2536.3279 3039.0000 11069.0000 16.4545 0.5222 16.0000 17.0000 4168.0000 0.0000 4168.0000 4168.0000 1269.3636 1.3618 1268.0000 1272.0000 454.0030 155.0690 0.0000 7045.0000 -16.9091 5.0173 -27.0000 -8.0000 3.2835 0.0035 3.2767 3.2871
12.0000 7055.5833 2418.2920 3039.0000 11069.0000 16.5000 0.5222 16.0000 17.0000 4168.0000 0.0000 4168.0000 4168.0000 1269.3333 1.3027 1268.0000 1272.0000 452.8910 147.9121 0.0000 7045.0000 -17.6667 5.4212 -27.0000 -8.0000 3.2836 0.0034 3.2767 3.2871
11.0000 7421.5455 2161.5564 3055.0000 11069.0000 16.5455 0.5222 16.0000 17.0000 4168.0000 0.0000 4168.0000 4168.0000 1269.1818 0.9816 1268.0000 1272.0000 475.6989 131.2658 0.0000 7045.0000 -16.9091 5.0173 -27.0000 -8.0000 3.2840 0.0025 3.2767 3.2871
12.0000 6054.3333 2490.7304 3044.0000 11066.0000 16.3333 0.4924 16.0000 17.0000 4168.0000 0.0000 4168.0000 4168.0000 1269.4167 1.2401 1268.0000 1272.0000 392.4354 154.9160 0.0000 7045.0000 -17.6667 5.4212 -27.0000 -8.0000 3.2834 0.0032 3.2767 3.2871
14.0000 5341.0714 2054.1070 3044.0000 7074.0000 16.2857 0.4688 16.0000 17.0000 4168.0000 0.0000 4168.0000 4168.0000 1269.2143 1.2514 1268.0000 1272.0000 347.6765 129.9243 0.0000 7045.0000 -17.2857 5.1190 -27.0000 -8.0000 3.2839 0.0032 3.2767 3.2871
14.0000 6200.1429 2802.6789 3044.0000 11080.0000 16.4286 0.5136 16.0000 17.0000 4168.0000 0.0000 4168.0000 4168.0000 1268.9286 0.9972 1268.0000 1272.0000 398.3539 172.0974 0.0000 7053.0000 -17.2857 5.1190 -27.0000 -8.0000 3.2847 0.0026 3.2767 3.2871
13.0000 6135.9231 2906.4005 3044.0000 11080.0000 16.3846 0.5064 16.0000 17.0000 4168.0000 0.0000 4168.0000 4168.0000 1269.0000 1.0000 1268.0000 1272.0000 395.1824 178.7227 0.0000 7059.0000 -17.5385 5.2274 -27.0000 -8.0000 3.2845 0.0026 3.2767 3.2871
13.0000 6136.0769 2906.4526 3044.0000 11080.0000 16.3846 0.5064 16.0000 17.0000 4168.0000 0.0000 4168.0000 4168.0000 1269.0000 1.0000 1268.0000 1272.0000 395.1917 178.7243 0.0000 7059.0000 -17.5385 5.2274 -27.0000 -8.0000 3.2845 0.0026 3.2767 3.2871
14.0000 5627.8571 2988.5077 3038.0000 11080.0000 16.3571 0.4972 16.0000 17.0000 4168.0000 0.0000 4168.0000 4168.0000 1269.1429 1.2924 1268.0000 1272.0000 362.3018 183.2930 0.0000 7059.0000 -17.2857 5.1190 -27.0000 -8.0000 3.2841 0.0033 3.2767 3.2871
13.0000 6751.9231 3045.6736 3038.0000 11080.0000 16.4615 0.5189 16.0000 17.0000 4168.0000 0.0000 4168.0000 4168.0000 1268.9231 1.0377 1268.0000 1272.0000 432.7026 186.3049 0.0000 7059.0000 -17.5385 5.2274 -27.0000 -8.0000 3.2847 0.0027 3.2767 3.2871
12.0000 7056.8333 2966.6551 3038.0000 11080.0000 16.5000 0.5222 16.0000 17.0000 4168.0000 0.0000 4168.0000 4168.0000 1269.0833 0.9962 1268.0000 1272.0000 451.5778 181.1431 0.0000 7059.0000 -17.6667 5.4212 -27.0000 -8.0000 3.2843 0.0026 3.2767 3.2871
12.0000 6052.6667 2494.5478 3038.0000 11062.0000 16.3333 0.4924 16.0000 17.0000 4168.0000 0.0000 4168.0000 4168.0000 1269.4167 1.2401 1268.0000 1272.0000 392.3264 155.1927 0.0000 7059.0000 -17.6667 5.4212 -27.0000 -8.0000 3.2834 0.0032 3.2767 3.2871
13.0000 6125.0769 2402.4971 3038.0000 11062.0000 16.3846 0.5064 16.0000 17.0000 4168.0000 0.0000 4168.0000 4168.0000 1269.3077 1.2506 1268.0000 1272.0000 395.7580 149.0451 0.0000 7047.0000 -17.5385 5.2274 -27.0000 -8.0000 3.2837 0.0032 3.2767 3.2871
14.0000 5903.0714 2450.7705 3036.0000 11062.0000 16.3571 0.4972 16.0000 17.0000 4168.0000 0.0000 4168.0000 4168.0000 1269.2857 1.2044 1268.0000 1272.0000 381.8601 152.1958 0.0000 7047.0000 -17.2857 5.1190 -27.0000 -8.0000 3.2837 0.0031 3.2767 3.2871
13.0000 5814.7692 2527.6891 3033.0000 11062.0000 16.3077 0.4804 16.0000 17.0000 4168.0000 0.0000 4168.0000 4168.0000 1269.3846 1.1929 1268.0000 1272.0000 377.3346 157.4354 0.0000 7047.0000 -17.5385 5.2274 -27.0000 -8.0000 3.2835 0.0031 3.2767 3.2871
13.0000 5811.7692 2523.8479 3033.0000 11045.0000 16.3846 0.5064 16.0000 17.0000 4168.0000 0.0000 4168.0000 4168.0000 1269.3077 1.2506 1268.0000 1272.0000 374.8821 155.9525 0.0000 7037.0000 -17.5385 5.2274 -27.0000 -8.0000 3.2837 0.0032 3.2767 3.2871
13.0000 5810.9231 2523.6627 3033.0000 11045.0000 16.3077 0.4804 16.0000 17.0000 4168.0000 0.0000 4168.0000 4168.0000 1269.3077 1.2506 1268.0000 1272.0000 377.0869 157.1810 0.0000 7037.0000 -17.5385 5.2274 -27.0000 -8.0000 3.2837 0.0032 3.2767 3.2871
14.0000 5896.2857 2447.3401 3033.0000 11045.0000 16.3571 0.4972 16.0000 17.0000 4168.0000 0.0000 4168.0000 4168.0000 1269.2857 1.2044 1268.0000 1272.0000 381.4190 151.9737 0.0000 7027.0000 -17.2857 5.1190 -27.0000 -8.0000 3.2837 0.0031 3.2767 3.2871
14.0000 6183.5000 2802.0105 3033.0000 11060.0000 16.4286 0.5136 16.0000 17.0000 4168.0000 0.0000 4168.0000 4168.0000 1269.2857 1.2044 1268.0000 1272.0000 397.2735 172.0879 0.0000 7027.0000 -17.2857 5.1190 -27.0000 -8.0000 3.2837 0.0031 3.2767 3.2871
12.0000 6376.5833 2876.6033 3033.0000 11060.0000 16.4167 0.5149 16.0000 17.0000 4168.0000 0.0000 4168.0000 4168.0000 1269.3333 1.3027 1268.0000 1272.0000 410.0941 176.6938 0.0000 7036.0000 -17.6667 5.4212 -27.0000 -8.0000 3.2836 0.0034 3.2767 3.2871
13.0000 6739.7692 2565.5064 3033.0000 11060.0000 16.4615 0.5189 16.0000 17.0000 4168.0000 0.0000 4168.0000 4168.0000 1269.0769 0.9541 1268.0000 1272.0000 433.1987 157.4729 0.0000 7036.0000 -17.5385 5.2274 -27.0000 -8.0000 3.2843 0.0025 3.2767 3.2871
13.0000 5818.3077 2524.2697 3033.0000 11060.0000 16.3077 0.4804 16.0000 17.0000 4168.0000 0.0000 4168.0000 4168.0000 1269.3077 1.2506 1268.0000 1272.0000 377.5660 157.1939 0.0000 7036.0000 -17.5385 5.2274 -27.0000 -8.0000 3.2837 0.0032 3.2767 3.2871
15.0000 5460.0000 2531.1287 3033.0000 11060.0000 16.4000 0.5071 16.0000 17.0000 4168.0000 0.0000 4168.0000 4168.0000 1273.1333 10.7893 1267.0000 1300.0000 352.2047 157.3602 0.0000 7036.0000 -17.3333 4.9486 -27.0000 -8.0000 3.2740 0.0273 3.2062 3.2897
14.0000 5925.6429 2910.8523 3043.0000 11096.0000 16.4286 0.5136 16.0000 17.0000 4168.0000 0.0000 4168.0000 4168.0000 1277.5000 14.3192 1267.0000 1300.0000 381.1976 180.1152 0.0000 7055.0000 -17.2857 5.1190 -27.0000 -8.0000 3.2630 0.0362 3.2062 3.2897
14.0000 5637.9286 2539.7345 3043.0000 11096.0000 16.3571 0.4972 16.0000 17.0000 4168.0000 0.0000 4168.0000 4168.0000 1282.0714 15.8671 1267.0000 1302.0000 365.3116 159.2763 0.0000 7055.0000 -17.2857 5.1190 -27.0000 -8.0000 3.2514 0.0401 3.2012 3.2897
15.0000 5196.6667 2570.0226 3035.0000 11096.0000 16.3333 0.4880 16.0000 17.0000 4168.0000 0.0000 4168.0000 4168.0000 1285.2000 15.8754 1267.0000 1302.0000 336.5975 160.2470 0.0000 7055.0000 -17.3333 4.9486 -27.0000 -8.0000 3.2435 0.0401 3.2012 3.2897
15.0000 5469.0000 2962.7250 3035.0000 11102.0000 16.4000 0.5071 16.0000 17.0000 4168.0000 0.0000 4168.0000 4168.0000 1291.8000 14.5367 1267.0000 1304.0000 351.6583 182.4873 0.0000 7055.0000 -17.3333 4.9486 -27.0000 -8.0000 3.2269 0.0367 3.1963 3.2897
14.0000 6215.3571 3223.0722 3035.0000 11102.0000 16.5000 0.5189 16.0000 17.0000 4168.0000 0.0000 4168.0000 4168.0000 1295.8571 12.2277 1267.0000 1305.0000 397.1902 198.0787 0.0000 7055.0000 -17.2857 5.1190 -27.0000 -8.0000 3.2167 0.0309 3.1939 3.2897
12.0000 7065.8333 2973.8171 3035.0000 11102.0000 16.5000 0.5222 16.0000 17.0000 4168.0000 0.0000 4168.0000 4168.0000 1301.5000 2.9077 1298.0000 1305.0000 452.1392 181.5487 0.0000 7055.0000 -17.6667 5.4212 -27.0000 -8.0000 3.2025 0.0072 3.1939 3.2111
12.0000 6393.3333 2888.2399 3035.0000 11102.0000 16.4167 0.5149 16.0000 17.0000 4168.0000 0.0000 4168.0000 4168.0000 1302.5000 2.9077 1298.0000 1305.0000 411.1587 177.3806 0.0000 7055.0000 -17.6667 5.4212 -27.0000 -8.0000 3.2000 0.0072 3.1939 3.2111
13.0000 6444.0769 3216.5555 3035.0000 11102.0000 16.4615 0.5189 16.0000 17.0000 4168.0000 0.0000 4168.0000 4168.0000 1303.5385 2.9613 1298.0000 1308.0000 412.1571 196.6235 0.0000 7055.0000 -17.5385 5.2274 -27.0000 -8.0000 3.1975 0.0073 3.1865 3.2111
12.0000 7061.7500 2964.9721 3041.0000 11102.0000 16.5000 0.5222 16.0000 17.0000 4168.0000 0.0000 4168.0000 4168.0000 1304.4167 2.2747 1298.0000 1308.0000 451.8812 180.9738 0.0000 7055.0000 -17.6667 5.4212 -27.0000 -8.0000 3.1953 0.0056 3.1865 3.2111
12.0000 6721.9167 2680.9615 3041.0000 11091.0000 16.4167 0.5149 16.0000 17.0000 4168.0000 0.0000 4168.0000 4168.0000 1305.1667 0.9374 1304.0000 1308.0000 433.0903 164.6357 0.0000 7055.0000 -17.6667 5.4212 -27.0000 -8.0000 3.1935 0.0023 3.1865 3.1963
13.0000 6127.0000 2398.0244 3041.0000 11040.0000 16.3846 0.5064 16.0000 17.0000 4168.0000 0.0000 4168.0000 4168.0000 1305.3077 1.2506 1304.0000 1308.0000 395.8856 148.7605 0.0000 7043.0000 -17.5385 5.2274 -27.0000 -8.0000 3.1931 0.0031 3.1865 3.1963
13.0000 5819.5385 2522.4164 3041.0000 11040.0000 16.3077 0.4804 16.0000 17.0000 4168.0000 0.0000 4168.0000 4168.0000 1305.3077 1.2506 1304.0000 1308.0000 377.6506 157.0997 0.0000 7041.0000 -17.5385 5.2274 -27.0000 -8.0000 3.1931 0.0031 3.1865 3.1963
13.0000 6130.0769 2398.0778 3041.0000 11040.0000 16.3846 0.5064 16.0000 17.0000 4168.0000 0.0000 4168.0000 4168.0000 1305.3077 1.2506 1304.0000 1308.0000 396.0926 148.7903 0.0000 7041.0000 -17.5385 5.2274 -27.0000 -8.0000 3.1931 0.0031 3.1865 3.1963
13.0000 5517.3077 2028.4590 3043.0000 7085.0000 16.3077 0.4804 16.0000 17.0000 4168.0000 0.0000 4168.0000 4168.0000 1305.3077 1.2506 1304.0000 1308.0000 358.7792 128.3821 0.0000 7041.0000 -17.5385 5.2274 -27.0000 -8.0000 3.1931 0.0031 3.1865 3.1963
14.0000 5912.0000 2444.9646 3043.0000 11041.0000 16.3571 0.4972 16.0000 17.0000 4168.0000 0.0000 4168.0000 4168.0000 1305.2857 1.2044 1304.0000 1308.0000 382.4518 151.8390 0.0000 7041.0000 -17.2857 5.1190 -27.0000 -8.0000 3.1932 0.0029 3.1865 3.1963
13.0000 5512.7692 2602.7297 3035.0000 11041.0000 16.3077 0.4804 16.0000 17.0000 4168.0000 0.0000 4168.0000 4168.0000 1305.3077 1.2506 1304.0000 1308.0000 357.2038 161.4235 0.0000 7041.0000 -17.5385 5.2274 -27.0000 -8.0000 3.1931 0.0031 3.1865 3.1963
13.0000 5819.9231 2521.3164 3035.0000 11041.0000 16.3077 0.4804 16.0000 17.0000 4168.0000 0.0000 4168.0000 4168.0000 1305.3846 1.1929 1304.0000 1308.0000 377.6801 157.0361 0.0000 7041.0000 -17.5385 5.2274 -27.0000 -8.0000 3.1929 0.0029 3.1865 3.1963
14.0000 6189.2143 2795.6739 3035.0000 11041.0000 16.4286 0.5136 16.0000 17.0000 4168.0000 0.0000 4168.0000 4168.0000 1305.1429 1.2924 1304.0000 1308.0000 397.6563 171.6987 0.0000 7041.0000 -17.2857 5.1190 -27.0000 -8.0000 3.1935 0.0032 3.1865 3.1963
13.0000 6428.0000 3201.1966 3035.0000 11053.0000 16.4615 0.5189 16.0000 17.0000 4168.0000 0.0000 4168.0000 4168.0000 1305.0769 1.3821 1304.0000 1308.0000 411.1426 195.6576 0.0000 7021.0000 -17.5385 5.2274 -27.0000 -8.0000 3.1937 0.0034 3.1865 3.1963
12.0000 7709.5833 3343.8846 3035.0000 11072.0000 16.5833 0.5149 16.0000 17.0000 4168.0000 0.0000 4168.0000 4168.0000 1304.7500 1.1382 1304.0000 1308.0000 489.9017 203.3313 0.0000 7054.0000 -17.6667 5.4212 -27.0000 -8.0000 3.1945 0.0028 3.1865 3.1963
11.0000 7770.3636 3500.2509 3035.0000 11072.0000 16.6364 0.5045 16.0000 17.0000 4168.0000 0.0000 4168.0000 4168.0000 1304.6364 1.2060 1304.0000 1308.0000 491.7652 213.1547 0.0000 7054.0000 -16.9091 5.0173 -27.0000 -8.0000 3.1948 0.0029 3.1865 3.1963
11.0000 8132.9091 3150.7210 3035.0000 11072.0000 16.6364 0.5045 16.0000 17.0000 4168.0000 0.0000 4168.0000 4168.0000 1304.7273 1.4206 1304.0000 1308.0000 515.9348 191.0475 0.0000 7054.0000 -16.9091 5.0173 -27.0000 -8.0000 3.1945 0.0035 3.1865 3.1963
11.0000 8499.3636 3242.9416 3035.0000 11072.0000 16.7273 0.4671 16.0000 17.0000 4168.0000 0.0000 4168.0000 4168.0000 1304.2727 0.9045 1304.0000 1307.0000 536.1739 197.2457 0.0000 7054.0000 -16.9091 5.0173 -27.0000 -8.0000 3.1957 0.0022 3.1890 3.1963
10.0000 8648.5000 2803.6780 3035.0000 11072.0000 16.7000 0.4830 16.0000 17.0000 4168.0000 0.0000 4168.0000 4168.0000 1304.5000 0.9718 1304.0000 1307.0000 547.6633 169.0032 0.0000 7054.0000 -17.2000 5.1730 -27.0000 -8.0000 3.1951 0.0024 3.1890 3.1963
10.0000 8251.6000 2704.6510 3035.0000 11072.0000 16.6000 0.5164 16.0000 17.0000 4168.0000 0.0000 4168.0000 4168.0000 1304.6000 0.9661 1304.0000 1307.0000 525.8087 162.4382 0.0000 7054.0000 -17.2000 5.1730 -27.0000 -8.0000 3.1949 0.0024 3.1890 3.1963
12.0000 6386.8333 2873.0382 3035.0000 11063.0000 16.4167 0.5149 16.0000 17.0000 4168.0000 0.0000 4168.0000 4168.0000 1305.0000 1.2792 1304.0000 1308.0000 410.7611 176.4486 0.0000 7052.0000 -17.6667 5.4212 -27.0000 -8.0000 3.1939 0.0031 3.1865 3.1963
13.0000 5826.3077 2526.5577 3035.0000 11063.0000 16.3077 0.4804 16.0000 17.0000 4168.0000 0.0000 4168.0000 4168.0000 1305.0769 1.1875 1304.0000 1308.0000 378.0878 157.3493 0.0000 7054.0000 -17.5385 5.2274 -27.0000 -8.0000 3.1937 0.0029 3.1865 3.1963
14.0000 6202.2143 2800.8476 3040.0000 11063.0000 16.4286 0.5136 16.0000 17.0000 4168.0000 0.0000 4168.0000 4168.0000 1304.8571 1.0271 1304.0000 1308.0000 398.4982 172.0268 0.0000 7054.0000 -17.2857 5.1190 -27.0000 -8.0000 3.1942 0.0025 3.1865 3.1963
13.0000 5831.0769 2526.9454 3040.0000 11063.0000 16.3077 0.4804 16.0000 17.0000 4168.0000 0.0000 4168.0000 4168.0000 1305.2308 1.3009 1304.0000 1308.0000 378.4054 157.3984 0.0000 7054.0000 -17.5385 5.2274 -27.0000 -8.0000 3.1933 0.0032 3.1865 3.1963
14.0000 5058.8571 2610.9180 3037.0000 11063.0000 16.2143 0.4258 16.0000 17.0000 4168.0000 0.0000 4168.0000 4168.0000 1304.9286 1.4392 1303.0000 1308.0000 329.7622 162.7489 0.0000 7054.0000 -17.2857 5.1190 -27.0000 -8.0000 3.1940 0.0035 3.1865 3.1988
15.0000 5457.4667 2955.5984 3037.0000 11077.0000 16.3333 0.4880 16.0000 17.0000 4168.0000 0.0000 4168.0000 4168.0000 1304.8000 1.4243 1303.0000 1308.0000 351.8019 181.3450 0.0000 7054.0000 -17.3333 4.9486 -27.0000 -8.0000 3.1944 0.0035 3.1865 3.1988
13.0000 5826.1538 3013.2490 3037.0000 11077.0000 16.3077 0.4804 16.0000 17.0000 4168.0000 0.0000 4168.0000 4168.0000 1304.6154 1.1929 1303.0000 1308.0000 376.7994 185.8431 0.0000 7054.0000 -17.5385 5.2274 -27.0000 -8.0000 3.1948 0.0029 3.1865 3.1988
13.0000 6130.1538 2908.3036 3037.0000 11077.0000 16.3846 0.5064 16.0000 17.0000 4168.0000 0.0000 4168.0000 4168.0000 1304.6154 1.1929 1303.0000 1308.0000 394.8071 178.8731 0.0000 7048.0000 -17.5385 5.2274 -27.0000 -8.0000 3.1948 0.0029 3.1865 3.1988
12.0000 6054.3333 2495.5581 3037.0000 11077.0000 16.3333 0.4924 16.0000 17.0000 4168.0000 0.0000 4168.0000 4168.0000 1305.0000 1.5374 1303.0000 1308.0000 392.4323 155.2356 0.0000 7048.0000 -17.6667 5.4212 -27.0000 -8.0000 3.1939 0.0038 3.1865 3.1988
13.0000 6128.6923 2404.2842 3037.0000 11077.0000 16.3846 0.5064 16.0000 17.0000 4168.0000 0.0000 4168.0000 4168.0000 1304.6923 1.1821 1303.0000 1308.0000 395.9923 149.1519 0.0000 7048.0000 -17.5385 5.2274 -27.0000 -8.0000 3.1946 0.0029 3.1865 3.1988
12.0000 7059.0000 1711.4125 3050.0000 11077.0000 16.5000 0.5222 16.0000 17.0000 4168.0000 0.0000 4168.0000 4168.0000 1305.0000 1.0445 1304.0000 1308.0000 454.5073 105.2726 0.0000 7057.0000 -17.6667 5.4212 -27.0000 -8.0000 3.1939 0.0026 3.1865 3.1963
13.0000 5828.0000 1922.8087 3046.0000 7087.0000 16.3077 0.4804 16.0000 17.0000 4168.0000 0.0000 4168.0000 4168.0000 1305.3846 1.1929 1304.0000 1308.0000 379.4869 122.5824 0.0000 7057.0000 -17.5385 5.2274 -27.0000 -8.0000 3.1929 0.0029 3.1865 3.1963
13.0000 6444.0769 2219.7259 3046.0000 11065.0000 16.4615 0.5189 16.0000 17.0000 4168.0000 0.0000 4168.0000 4168.0000 1305.3077 1.2506 1304.0000 1308.0000 414.7487 137.2143 0.0000 7057.0000 -17.5385 5.2274 -27.0000 -8.0000 3.1931 0.0031 3.1865 3.1963
13.0000 6135.1538 2399.9134 3038.0000 11065.0000 16.3846 0.5064 16.0000 17.0000 4168.0000 0.0000 4168.0000 4168.0000 1305.3077 1.2506 1304.0000 1308.0000 396.4128 148.8542 0.0000 7057.0000 -17.5385 5.2274 -27.0000 -8.0000 3.1931 0.0031 3.1865 3.1963
14.0000 5914.2857 2449.1353 3038.0000 11065.0000 16.3571 0.4972 16.0000 17.0000 4168.0000 0.0000 4168.0000 4168.0000 1305.2857 1.2044 1304.0000 1308.0000 382.5890 152.0671 0.0000 7057.0000 -17.2857 5.1190 -27.0000 -8.0000 3.1932 0.0029 3.1865 3.1963
14.0000 6200.5000 2800.4967 3038.0000 11065.0000 16.4286 0.5136 16.0000 17.0000 4168.0000 0.0000 4168.0000 4168.0000 1305.2857 1.2044 1304.0000 1308.0000 398.3786 171.9812 0.0000 7057.0000 -17.2857 5.1190 -27.0000 -8.0000 3.1932 0.0029 3.1865 3.1963
13.0000 6129.3077 2901.6907 3038.0000 11065.0000 16.3846 0.5064 16.0000 17.0000 4168.0000 0.0000 4168.0000 4168.0000 1305.3077 1.2506 1304.0000 1308.0000 394.7471 178.4015 0.0000 7043.0000 -17.5385 5.2274 -27.0000 -8.0000 3.1931 0.0031 3.1865 3.1963
13.0000 6744.0769 2565.6784 3038.0000 11065.0000 16.4615 0.5189 16.0000 17.0000 4168.0000 0.0000 4168.0000 4168.0000 1305.0769 0.9541 1304.0000 1308.0000 433.4689 157.4466 0.0000 7043.0000 -17.5385 5.2274 -27.0000 -8.0000 3.1937 0.0023 3.1865 3.1963
13.0000 6128.9231 2395.7664 3038.0000 11053.0000 16.3846 0.5064 16.0000 17.0000 4168.0000 0.0000 4168.0000 4168.0000 1305.3077 1.2506 1304.0000 1308.0000 396.0067 148.5684 0.0000 7036.0000 -17.5385 5.2274 -27.0000 -8.0000 3.1931 0.0031 3.1865 3.1963
13.0000 6748.0000 2560.8561 3045.0000 11059.0000 16.4615 0.5189 16.0000 17.0000 4168.0000 0.0000 4168.0000 4168.0000 1305.3077 1.2506 1304.0000 1308.0000 433.7340 157.1449 0.0000 7036.0000 -17.5385 5.2274 -27.0000 -8.0000 3.1931 0.0031 3.1865 3.1963
12.0000 6721.0000 2672.6657 3046.0000 11059.0000 16.5000 0.5222 16.0000 17.0000 4168.0000 0.0000 4168.0000 4168.0000 1305.0833 0.9962 1304.0000 1308.0000 430.5944 163.7110 0.0000 7032.0000 -17.6667 5.4212 -27.0000 -8.0000 3.1937 0.0024 3.1865 3.1963
12.0000 6719.1667 2670.1080 3046.0000 11059.0000 16.4167 0.5149 16.0000 17.0000 4168.0000 0.0000 4168.0000 4168.0000 1305.4167 1.2401 1304.0000 1308.0000 432.9264 163.9366 0.0000 7032.0000 -17.6667 5.4212 -27.0000 -8.0000 3.1929 0.0030 3.1865 3.1963
13.0000 6436.3077 2752.1160 3044.0000 11059.0000 16.4615 0.5189 16.0000 17.0000 4168.0000 0.0000 4168.0000 4168.0000 1305.2308 1.3009 1304.0000 1308.0000 412.9699 168.8405 0.0000 7032.0000 -17.5385 5.2274 -27.0000 -8.0000 3.1933 0.0032 3.1865 3.1963
12.0000 7381.0833 3166.7390 3044.0000 11059.0000 16.5833 0.5149 16.0000 17.0000 4168.0000 0.0000 4168.0000 4168.0000 1305.0833 1.4434 1304.0000 1308.0000 469.3997 192.8960 0.0000 7032.0000 -17.6667 5.4212 -27.0000 -8.0000 3.1937 0.0035 3.1865 3.1963
11.0000 8135.0000 3143.1831 3044.0000 11059.0000 16.6364 0.5045 16.0000 17.0000 4168.0000 0.0000 4168.0000 4168.0000 1304.8182 1.1677 1304.0000 1308.0000 516.0902 190.5928 0.0000 7032.0000 -16.9091 5.0173 -27.0000 -8.0000 3.1943 0.0029 3.1865 3.1963
11.0000 8494.6364 3233.7687 3044.0000 11046.0000 16.7273 0.4671 16.0000 17.0000 4168.0000 0.0000 4168.0000 4168.0000 1304.6364 1.2060 1304.0000 1308.0000 535.8905 196.6714 0.0000 7026.0000 -16.9091 5.0173 -27.0000 -8.0000 3.1948 0.0029 3.1865 3.1963
10.0000 9039.6000 2826.7021 3044.0000 11046.0000 16.7000 0.4830 16.0000 17.0000 4168.0000 0.0000 4168.0000 4168.0000 1304.5000 1.2693 1304.0000 1308.0000 572.1129 169.3550 0.0000 7026.0000 -17.2000 5.1730 -27.0000 -8.0000 3.1951 0.0031 3.1865 3.1963
11.0000 8493.6364 3235.9932 3037.0000 11046.0000 16.7273 0.4671 16.0000 17.0000 4168.0000 0.0000 4168.0000 4168.0000 1304.2727 0.9045 1304.0000 1307.0000 535.8227 196.8148 0.0000 7022.0000 -16.9091 5.0173 -27.0000 -8.0000 3.1957 0.0022 3.1890 3.1963
10.0000 9039.4000 2828.7436 3037.0000 11046.0000 16.7000 0.4830 16.0000 17.0000 4168.0000 0.0000 4168.0000 4168.0000 1304.4000 0.9661 1304.0000 1307.0000 572.0958 169.4885 0.0000 7023.0000 -17.2000 5.1730 -27.0000 -8.0000 3.1953 0.0024 3.1890 3.1963
10.0000 8639.9000 2797.8421 3037.0000 11046.0000 16.7000 0.4830 16.0000 17.0000 4168.0000 0.0000 4168.0000 4168.0000 1304.6000 0.9661 1304.0000 1307.0000 547.1271 168.6504 0.0000 7023.0000 -17.2000 5.1730 -27.0000 -8.0000 3.1949 0.0024 3.1890 3.1963
10.0000 8240.0000 2700.4544 3037.0000 11046.0000 16.6000 0.5164 16.0000 17.0000 4168.0000 0.0000 4168.0000 4168.0000 1304.7000 0.9487 1304.0000 1307.0000 525.0679 162.1703 0.0000 7027.0000 -17.2000 5.1730 -27.0000 -8.0000 3.1946 0.0023 3.1890 3.1963
10.0000 7439.9000 2270.9969 3037.0000 11041.0000 16.5000 0.5270 16.0000 17.0000 4168.0000 0.0000 4168.0000 4168.0000 1305.2000 1.3166 1304.0000 1308.0000 477.9958 137.6094 0.0000 7027.0000 -17.2000 5.1730 -27.0000 -8.0000 3.1934 0.0032 3.1865 3.1963
11.0000 7403.0909 2157.9132 3037.0000 11041.0000 16.5455 0.5222 16.0000 17.0000 4168.0000 0.0000 4168.0000 4168.0000 1305.1818 1.2505 1304.0000 1308.0000 474.5106 131.0481 0.0000 7027.0000 -16.9091 5.0173 -27.0000 -8.0000 3.1934 0.0031 3.1865 3.1963
12.0000 6043.8333 2480.7039 3040.0000 11038.0000 16.3333 0.4924 16.0000 17.0000 4168.0000 0.0000 4168.0000 4168.0000 1305.0000 1.0445 1304.0000 1308.0000 391.7566 154.2572 0.0000 7027.0000 -17.6667 5.4212 -27.0000 -8.0000 3.1939 0.0026 3.1865 3.1963
14.0000 5904.4286 2439.4961 3040.0000 11038.0000 16.3571 0.4972 16.0000 17.0000 4168.0000 0.0000 4168.0000 4168.0000 1305.0714 1.1411 1304.0000 1308.0000 381.9565 151.4447 0.0000 7036.0000 -17.2857 5.1190 -27.0000 -8.0000 3.1937 0.0028 3.1865 3.1963
14.0000 5908.2143 2446.4505 3040.0000 11078.0000 16.3571 0.4972 16.0000 17.0000 4168.0000 0.0000 4168.0000 4168.0000 1305.0714 1.1411 1304.0000 1308.0000 382.1932 151.8606 0.0000 7048.0000 -17.2857 5.1190 -27.0000 -8.0000 3.1937 0.0028 3.1865 3.1963
14.0000 5908.9286 2446.8087 3040.0000 11078.0000 16.3571 0.4972 16.0000 17.0000 4168.0000 0.0000 4168.0000 4168.0000 1305.0714 1.1411 1304.0000 1308.0000 382.2408 151.8902 0.0000 7048.0000 -17.2857 5.1190 -27.0000 -8.0000 3.1937 0.0028 3.1865 3.1963
15.0000 5451.6000 2533.3021 3040.0000 11078.0000 16.3333 0.4880 16.0000 17.0000 4168.0000 0.0000 4168.0000 4168.0000 1305.0667 1.0998 1304.0000 1308.0000 352.5300 156.6286 0.0000 7048.0000 -17.3333 4.9486 -27.0000 -8.0000 3.1937 0.0027 3.1865 3.1963
15.0000 5189.3333 2563.4719 3040.0000 11078.0000 16.2667 0.4577 16.0000 17.0000 4168.0000 0.0000 4168.0000 4168.0000 1305.2667 1.0998 1304.0000 1308.0000 337.0017 159.0755 0.0000 7048.0000 -17.3333 4.9486 -27.0000 -8.0000 3.1932 0.0027 3.1865 3.1963
13.0000 6133.5385 2399.2306 3043.0000 11078.0000 16.3846 0.5064 16.0000 17.0000 4168.0000 0.0000 4168.0000 4168.0000 1305.6154 1.0439 1304.0000 1308.0000 396.3083 148.7918 0.0000 7048.0000 -17.5385 5.2274 -27.0000 -8.0000 3.1924 0.0026 3.1865 3.1963
13.0000 5517.8462 2604.3075 3043.0000 11078.0000 16.3077 0.4804 16.0000 17.0000 4168.0000 0.0000 4168.0000 4168.0000 1305.9231 1.2558 1305.0000 1309.0000 357.5253 161.4558 0.0000 7048.0000 -17.5385 5.2274 -27.0000 -8.0000 3.1916 0.0031 3.1841 3.1939
14.0000 4772.5000 2049.7150 3043.0000 7062.0000 16.2143 0.4258 16.0000 17.0000 4168.0000 0.0000 4168.0000 4168.0000 1305.7143 1.3828 1304.0000 1309.0000 311.8690 129.4862 0.0000 7034.0000 -17.2857 5.1190 -27.0000 -8.0000 3.1921 0.0034 3.1841 3.1963
15.0000 5190.4667 2554.5400 3043.0000 11049.0000 16.2667 0.4577 16.0000 17.0000 4168.0000 0.0000 4168.0000 4168.0000 1305.6000 1.4041 1304.0000 1309.0000 337.0842 158.4954 0.0000 7030.0000 -17.3333 4.9486 -27.0000 -8.0000 3.1924 0.0034 3.1841 3.1963
14.0000 5630.0000 2525.0393 3048.0000 11049.0000 16.2857 0.4688 16.0000 17.0000 4168.0000 0.0000 4168.0000 4168.0000 1305.4286 1.2839 1304.0000 1309.0000 365.7470 157.3347 0.0000 7030.0000 -17.2857 5.1190 -27.0000 -8.0000 3.1928 0.0031 3.1841 3.1963
14.0000 6200.9286 2794.4778 3048.0000 11082.0000 16.4286 0.5136 16.0000 17.0000 4168.0000 0.0000 4168.0000 4168.0000 1305.2857 1.2666 1304.0000 1309.0000 398.4116 171.5500 0.0000 7028.0000 -17.2857 5.1190 -27.0000 -8.0000 3.1932 0.0031 3.1841 3.1963
13.0000 6137.6923 2898.1624 3048.0000 11082.0000 16.3846 0.5064 16.0000 17.0000 4168.0000 0.0000 4168.0000 4168.0000 1305.3846 1.5021 1304.0000 1309.0000 395.3061 178.1804 0.0000 7056.0000 -17.5385 5.2274 -27.0000 -8.0000 3.1929 0.0037 3.1841 3.1963
12.0000 7059.0000 2408.3733 3070.0000 11082.0000 16.5000 0.5222 16.0000 17.0000 4168.0000 0.0000 4168.0000 4168.0000 1304.9167 1.0836 1304.0000 1308.0000 453.1257 147.2494 0.0000 7056.0000 -17.6667 5.4212 -27.0000 -8.0000 3.1941 0.0026 3.1865 3.1963
12.0000 6721.1667 2678.0010 3051.0000 11082.0000 16.4167 0.5149 16.0000 17.0000 4168.0000 0.0000 4168.0000 4168.0000 1305.0000 1.0445 1304.0000 1308.0000 433.0535 164.4584 0.0000 7056.0000 -17.6667 5.4212 -27.0000 -8.0000 3.1939 0.0026 3.1865 3.1963
14.0000 6196.0714 2803.2074 3037.0000 11082.0000 16.4286 0.5136 16.0000 17.0000 4168.0000 0.0000 4168.0000 4168.0000 1305.0714 1.1411 1304.0000 1308.0000 398.0937 172.1668 0.0000 7056.0000 -17.2857 5.1190 -27.0000 -8.0000 3.1937 0.0028 3.1865 3.1963
13.0000 6133.6154 2907.5570 3037.0000 11082.0000 16.3846 0.5064 16.0000 17.0000 4168.0000 0.0000 4168.0000 4168.0000 1305.0769 1.1875 1304.0000 1308.0000 395.0359 178.8375 0.0000 7056.0000 -17.5385 5.2274 -27.0000 -8.0000 3.1937 0.0029 3.1865 3.1963
14.0000 5626.9286 2537.5175 3037.0000 11053.0000 16.2857 0.4688 16.0000 17.0000 4168.0000 0.0000 4168.0000 4168.0000 1305.0714 1.1411 1304.0000 1308.0000 365.5423 158.2069 0.0000 7056.0000 -17.2857 5.1190 -27.0000 -8.0000 3.1937 0.0028 3.1865 3.1963
15.0000 5453.0000 2532.4424 3037.0000 11053.0000 16.3333 0.4880 16.0000 17.0000 4168.0000 0.0000 4168.0000 4168.0000 1305.0000 1.1339 1304.0000 1308.0000 352.6286 156.6186 0.0000 7050.0000 -17.3333 4.9486 -27.0000 -8.0000 3.1939 0.0028 3.1865 3.1963
15.0000 5721.8000 2898.1344 3037.0000 11053.0000 16.3333 0.4880 16.0000 17.0000 4168.0000 0.0000 4168.0000 4168.0000 1305.0667 1.0998 1304.0000 1308.0000 369.4347 178.5178 0.0000 7050.0000 -17.3333 4.9486 -27.0000 -8.0000 3.1937 0.0027 3.1865 3.1963
14.0000 6199.2857 2798.7718 3037.0000 11053.0000 16.4286 0.5136 16.0000 17.0000 4168.0000 0.0000 4168.0000 4168.0000 1305.1429 1.0995 1304.0000 1308.0000 398.3098 171.9016 0.0000 7050.0000 -17.2857 5.1190 -27.0000 -8.0000 3.1935 0.0027 3.1865 3.1963
12.0000 6724.7500 2671.6865 3052.0000 11051.0000 16.4167 0.5149 16.0000 17.0000 4168.0000 0.0000 4168.0000 4168.0000 1305.4167 1.2401 1304.0000 1308.0000 433.2944 164.0689 0.0000 7050.0000 -17.6667 5.4212 -27.0000 -8.0000 3.1929 0.0030 3.1865 3.1963
12.0000 6387.8333 2869.7119 3042.0000 11051.0000 16.4167 0.5149 16.0000 17.0000 4168.0000 0.0000 4168.0000 4168.0000 1305.3333 1.3027 1304.0000 1308.0000 410.8333 176.2370 0.0000 7038.0000 -17.6667 5.4212 -27.0000 -8.0000 3.1931 0.0032 3.1865 3.1963
11.0000 7051.2727 3095.3050 3042.0000 11051.0000 16.5455 0.5222 16.0000 17.0000 4168.0000 0.0000 4168.0000 4168.0000 1305.1818 1.4709 1304.0000 1308.0000 449.5227 188.8368 0.0000 7038.0000 -16.9091 5.0173 -27.0000 -8.0000 3.1934 0.0036 3.1865 3.1963
11.0000 8140.4545 3139.8301 3042.0000 11051.0000 16.6364 0.5045 16.0000 17.0000 4168.0000 0.0000 4168.0000 4168.0000 1304.8182 1.1677 1304.0000 1308.0000 516.4405 190.3597 0.0000 7038.0000 -16.9091 5.0173 -27.0000 -8.0000 3.1943 0.0029 3.1865 3.1963
10.0000 8246.3000 3287.7134 3042.0000 11049.0000 16.7000 0.4830 16.0000 17.0000 4168.0000 0.0000 4168.0000 4168.0000 1304.7000 1.2517 1304.0000 1308.0000 520.8750 199.9886 0.0000 7027.0000 -17.2000 5.1730 -27.0000 -8.0000 3.1946 0.0031 3.1865 3.1963
10.0000 9042.6000 2828.4291 3042.0000 11049.0000 16.7000 0.4830 16.0000 17.0000 4168.0000 0.0000 4168.0000 4168.0000 1304.5000 1.2693 1304.0000 1308.0000 572.2979 169.4562 0.0000 7027.0000 -17.2000 5.1730 -27.0000 -8.0000 3.1951 0.0031 3.1865 3.1963
10.0000 8240.7000 3294.1582 3034.0000 11045.0000 16.7000 0.4830 16.0000 17.0000 4168.0000 0.0000 4168.0000 4168.0000 1304.3000 0.9487 1304.0000 1307.0000 520.5083 200.4188 0.0000 7025.0000 -17.2000 5.1730 -27.0000 -8.0000 3.1956 0.0023 3.1890 3.1963
11.0000 8857.2727 2751.3077 3034.0000 11045.0000 16.7273 0.4671 16.0000 17.0000 4168.0000 0.0000 4168.0000 4168.0000 1304.3636 0.9244 1304.0000 1307.0000 560.0595 165.6987 0.0000 7025.0000 -16.9091 5.0173 -27.0000 -8.0000 3.1954 0.0023 3.1890 3.1963
11.0000 8855.9091 2751.7168 3034.0000 11045.0000 16.7273 0.4671 16.0000 17.0000 4168.0000 0.0000 4168.0000 4168.0000 1304.5455 0.9342 1304.0000 1307.0000 559.9742 165.7289 0.0000 7025.0000 -16.9091 5.0173 -27.0000 -8.0000 3.1950 0.0023 3.1890 3.1963
10.0000 8236.8000 2701.2133 3034.0000 11045.0000 16.6000 0.5164 16.0000 17.0000 4168.0000 0.0000 4168.0000 4168.0000 1304.7000 0.9487 1304.0000 1307.0000 524.8583 162.2127 0.0000 7025.0000 -17.2000 5.1730 -27.0000 -8.0000 3.1946 0.0023 3.1890 3.1963
11.0000 7764.0909 2412.6528 3034.0000 11045.0000 16.5455 0.5222 16.0000 17.0000 4168.0000 0.0000 4168.0000 4168.0000 1305.0909 1.3003 1304.0000 1308.0000 497.0678 145.3670 0.0000 7025.0000 -16.9091 5.0173 -27.0000 -8.0000 3.1937 0.0032 3.1865 3.1963
11.0000 7400.0909 2156.6209 3034.0000 11035.0000 16.5455 0.5222 16.0000 17.0000 4168.0000 0.0000 4168.0000 4168.0000 1305.1818 1.2505 1304.0000 1308.0000 474.3148 130.9581 0.0000 7022.0000 -16.9091 5.0173 -27.0000 -8.0000 3.1934 0.0031 3.1865 3.1963
12.0000 6705.5833 2669.4739 3033.0000 11035.0000 16.4167 0.5149 16.0000 17.0000 4168.0000 0.0000 4168.0000 4168.0000 1305.0000 1.0445 1304.0000 1308.0000 432.0441 163.9088 0.0000 7022.0000 -17.6667 5.4212 -27.0000 -8.0000 3.1939 0.0026 3.1865 3.1963
13.0000 5812.8462 2515.5664 3033.0000 11035.0000 16.3846 0.5064 16.0000 17.0000 4168.0000 0.0000 4168.0000 4168.0000 1305.0769 1.1875 1304.0000 1308.0000 374.9580 155.3901 0.0000 7022.0000 -17.5385 5.2274 -27.0000 -8.0000 3.1937 0.0029 3.1865 3.1963
13.0000 5508.7692 2022.2444 3033.0000 7063.0000 16.3077 0.4804 16.0000 17.0000 4168.0000 0.0000 4168.0000 4168.0000 1305.0769 1.1875 1304.0000 1308.0000 358.2141 127.9215 0.0000 7032.0000 -17.5385 5.2274 -27.0000 -8.0000 3.1937 0.0029 3.1865 3.1963
14.0000 5908.2857 2448.1245 3033.0000 11076.0000 16.3571 0.4972 16.0000 17.0000 4168.0000 0.0000 4168.0000 4168.0000 1305.0714 1.1411 1304.0000 1308.0000 382.1976 151.9819 0.0000 7046.0000 -17.2857 5.1190 -27.0000 -8.0000 3.1937 0.0028 3.1865 3.1963
14.0000 5339.6429 2587.8956 3033.0000 11076.0000 16.2857 0.4688 16.0000 17.0000 4168.0000 0.0000 4168.0000 4168.0000 1305.0714 1.1411 1304.0000 1308.0000 346.3818 160.5122 0.0000 7046.0000 -17.2857 5.1190 -27.0000 -8.0000 3.1937 0.0028 3.1865 3.1963
14.0000 5343.7143 2590.7944 3033.0000 11076.0000 16.2857 0.4688 16.0000 17.0000 4168.0000 0.0000 4168.0000 4168.0000 1305.0714 1.1411 1304.0000 1308.0000 346.6494 160.7227 0.0000 7046.0000 -17.2857 5.1190 -27.0000 -8.0000 3.1937 0.0028 3.1865 3.1963
14.0000 5916.2857 2446.9775 3053.0000 11076.0000 16.3571 0.4972 16.0000 17.0000 4168.0000 0.0000 4168.0000 4168.0000 1305.1429 1.0995 1304.0000 1308.0000 382.7211 151.9073 0.0000 7046.0000 -17.2857 5.1190 -27.0000 -8.0000 3.1935 0.0027 3.1865 3.1963
13.0000 5827.0000 2526.7538 3043.0000 11076.0000 16.3077 0.4804 16.0000 17.0000 4168.0000 0.0000 4168.0000 4168.0000 1305.3846 1.1929 1304.0000 1308.0000 378.1282 157.3306 0.0000 7046.0000 -17.5385 5.2274 -27.0000 -8.0000 3.1929 0.0029 3.1865 3.1963
15.0000 5189.8667 2563.3265 3043.0000 11076.0000 16.2667 0.4577 16.0000 17.0000 4168.0000 0.0000 4168.0000 4168.0000 1305.2000 1.2071 1304.0000 1308.0000 337.0367 159.0671 0.0000 7046.0000 -17.3333 4.9486 -27.0000 -8.0000 3.1934 0.0029 3.1865 3.1963
15.0000 5458.1333 2953.7486 3043.0000 11081.0000 16.3333 0.4880 16.0000 17.0000 4168.0000 0.0000 4168.0000 4168.0000 1305.1333 1.2459 1304.0000 1308.0000 351.8425 181.1851 0.0000 7043.0000 -17.3333 4.9486 -27.0000 -8.0000 3.1935 0.0030 3.1865 3.1963
14.0000 5915.5000 2912.5744 3043.0000 11081.0000 16.3571 0.4972 16.0000 17.0000 4168.0000 0.0000 4168.0000 4168.0000 1304.9286 0.9972 1304.0000 1308.0000 381.4741 179.2533 0.0000 7043.0000 -17.2857 5.1190 -27.0000 -8.0000 3.1940 0.0024 3.1865 3.1963
14.0000 5915.5714 2912.6046 3043.0000 11081.0000 16.3571 0.4972 16.0000 17.0000 4168.0000 0.0000 4168.0000 4168.0000 1305.0000 0.9608 1304.0000 1308.0000 381.4750 179.2435 0.0000 7041.0000 -17.2857 5.1190 -27.0000 -8.0000 3.1939 0.0023 3.1865 3.1963
14.0000 5627.4286 2990.7501 3030.0000 11081.0000 16.3571 0.4972 16.0000 17.0000 4168.0000 0.0000 4168.0000 4168.0000 1305.1429 1.2924 1304.0000 1308.0000 362.2676 183.4324 0.0000 7041.0000 -17.2857 5.1190 -27.0000 -8.0000 3.1935 0.0032 3.1865 3.1963
14.0000 6486.9286 3091.4924 3030.0000 11081.0000 16.4286 0.5136 16.0000 17.0000 4168.0000 0.0000 4168.0000 4168.0000 1304.9286 0.9972 1304.0000 1308.0000 416.2726 189.3509 0.0000 7043.0000 -17.2857 5.1190 -27.0000 -8.0000 3.1940 0.0024 3.1865 3.1963
12.0000 7058.3333 2968.1157 3030.0000 11081.0000 16.5000 0.5222 16.0000 17.0000 4168.0000 0.0000 4168.0000 4168.0000 1305.0833 0.9962 1304.0000 1308.0000 451.6642 181.2103 0.0000 7043.0000 -17.6667 5.4212 -27.0000 -8.0000 3.1937 0.0024 3.1865 3.1963
12.0000 6051.8333 2497.6752 3030.0000 11071.0000 16.3333 0.4924 16.0000 17.0000 4168.0000 0.0000 4168.0000 4168.0000 1305.4167 1.2401 1304.0000 1308.0000 392.2583 155.3547 0.0000 7043.0000 -17.6667 5.4212 -27.0000 -8.0000 3.1929 0.0030 3.1865 3.1963
13.0000 6126.6154 2406.4820 3030.0000 11071.0000 16.3846 0.5064 16.0000 17.0000 4168.0000 0.0000 4168.0000 4168.0000 1305.3077 1.2506 1304.0000 1308.0000 395.8487 149.2847 0.0000 7043.0000 -17.5385 5.2274 -27.0000 -8.0000 3.1931 0.0031 3.1865 3.1963
14.0000 5908.7143 2451.7417 3030.0000 11071.0000 16.3571 0.4972 16.0000 17.0000 4168.0000 0.0000 4168.0000 4168.0000 1305.2857 1.2044 1304.0000 1308.0000 382.2202 152.2264 0.0000 7043.0000 -17.2857 5.1190 -27.0000 -8.0000 3.1932 0.0029 3.1865 3.1963
13.0000 5822.0000 2527.8262 3032.0000 11071.0000 16.3077 0.4804 16.0000 17.0000 4168.0000 0.0000 4168.0000 4168.0000 1305.3846 1.1929 1304.0000 1308.0000 377.7987 157.4032 0.0000 7043.0000 -17.5385 5.2274 -27.0000 -8.0000 3.1929 0.0029 3.1865 3.1963
13.0000 5822.6154 2527.0947 3032.0000 11063.0000 16.3846 0.5064 16.0000 17.0000 4168.0000 0.0000 4168.0000 4168.0000 1305.3077 1.2506 1304.0000 1308.0000 375.5776 156.1260 0.0000 7041.0000 -17.5385 5.2274 -27.0000 -8.0000 3.1931 0.0031 3.1865 3.1963
13.0000 5822.8462 2526.2915 3032.0000 11063.0000 16.3077 0.4804 16.0000 17.0000 4168.0000 0.0000 4168.0000 4168.0000 1305.3077 1.2506 1304.0000 1308.0000 377.8538 157.3021 0.0000 7041.0000 -17.5385 5.2274 -27.0000 -8.0000 3.1931 0.0031 3.1865 3.1963
14.0000 5916.5000 2448.6178 3038.0000 11063.0000 16.3571 0.4972 16.0000 17.0000 4168.0000 0.0000 4168.0000 4168.0000 1305.2857 1.2044 1304.0000 1308.0000 382.7321 152.0277 0.0000 7051.0000 -17.2857 5.1190 -27.0000 -8.0000 3.1932 0.0029 3.1865 3.1963
14.0000 5346.7857 2590.3813 3038.0000 11063.0000 16.2857 0.4688 16.0000 17.0000 4168.0000 0.0000 4168.0000 4168.0000 1305.2143 1.2514 1304.0000 1308.0000 346.8464 160.6903 0.0000 7051.0000 -17.2857 5.1190 -27.0000 -8.0000 3.1933 0.0031 3.1865 3.1963
14.0000 5626.0714 2983.7614 3037.0000 11063.0000 16.3571 0.4972 16.0000 17.0000 4168.0000 0.0000 4168.0000 4168.0000 1304.9286 1.4392 1303.0000 1308.0000 362.1893 183.0029 0.0000 7051.0000 -17.2857 5.1190 -27.0000 -8.0000 3.1940 0.0035 3.1865 3.1988
13.0000 6132.0000 2901.9454 3037.0000 11063.0000 16.3846 0.5064 16.0000 17.0000 4168.0000 0.0000 4168.0000 4168.0000 1304.6923 1.1821 1303.0000 1308.0000 394.9269 178.4440 0.0000 7051.0000 -17.5385 5.2274 -27.0000 -8.0000 3.1946 0.0029 3.1865 3.1988
13.0000 6128.2308 2898.3485 3037.0000 11047.0000 16.3846 0.5064 16.0000 17.0000 4168.0000 0.0000 4168.0000 4168.0000 1304.7692 1.1658 1303.0000 1308.0000 394.6913 178.2323 0.0000 7051.0000 -17.5385 5.2274 -27.0000 -8.0000 3.1944 0.0029 3.1865 3.1988
13.0000 7050.3077 3262.7536 3037.0000 11047.0000 16.5385 0.5189 16.0000 17.0000 4168.0000 0.0000 4168.0000 4168.0000 1304.7692 1.1658 1303.0000 1308.0000 449.0840 198.9814 0.0000 7051.0000 -17.5385 5.2274 -27.0000 -8.0000 3.1944 0.0029 3.1865 3.1988
11.0000 7407.3636 3323.0748 3037.0000 11047.0000 16.5455 0.5222 16.0000 17.0000 4168.0000 0.0000 4168.0000 4168.0000 1304.7273 1.2721 1303.0000 1308.0000 471.7583 202.2999 0.0000 7025.0000 -16.9091 5.0173 -27.0000 -8.0000 3.1945 0.0031 3.1865 3.1988
11.0000 8131.9091 2589.3088 3037.0000 11047.0000 16.6364 0.5045 16.0000 17.0000 4168.0000 0.0000 4168.0000 4168.0000 1304.8182 1.2505 1303.0000 1308.0000 517.3939 156.0895 0.0000 7025.0000 -16.9091 5.0173 -27.0000 -8.0000 3.1943 0.0031 3.1865 3.1988
11.0000 7041.2727 3098.7756 3038.0000 11044.0000 16.4545 0.5222 16.0000 17.0000 4168.0000 0.0000 4168.0000 4168.0000 1305.0909 1.0445 1304.0000 1308.0000 451.5360 189.1249 0.0000 7025.0000 -16.9091 5.0173 -27.0000 -8.0000 3.1936 0.0026 3.1865 3.1963
13.0000 6427.6154 3202.3572 3038.0000 11044.0000 16.4615 0.5189 16.0000 17.0000 4168.0000 0.0000 4168.0000 4168.0000 1305.0769 1.1875 1304.0000 1308.0000 411.1167 195.7378 0.0000 7025.0000 -17.5385 5.2274 -27.0000 -8.0000 3.1937 0.0029 3.1865 3.1963
13.0000 6431.3077 3205.8397 3038.0000 11069.0000 16.3846 0.5064 16.0000 17.0000 4168.0000 0.0000 4168.0000 4168.0000 1305.0769 1.1875 1304.0000 1308.0000 413.6099 196.4906 0.0000 7041.0000 -17.5385 5.2274 -27.0000 -8.0000 3.1937 0.0029 3.1865 3.1963
13.0000 5508.5385 2607.6763 3038.0000 11069.0000 16.3077 0.4804 16.0000 17.0000 4168.0000 0.0000 4168.0000 4168.0000 1305.0769 1.1875 1304.0000 1308.0000 356.9112 161.6881 0.0000 7041.0000 -17.5385 5.2274 -27.0000 -8.0000 3.1937 0.0029 3.1865 3.1963
14.0000 5335.3571 2591.8462 3038.0000 11069.0000 16.2857 0.4688 16.0000 17.0000 4168.0000 0.0000 4168.0000 4168.0000 1305.0714 1.1411 1304.0000 1308.0000 346.1033 160.8111 0.0000 7046.0000 -17.2857 5.1190 -27.0000 -8.0000 3.1937 0.0028 3.1865 3.1963
14.0000 5624.5000 2990.3623 3038.0000 11076.0000 16.3571 0.4972 16.0000 17.0000 4168.0000 0.0000 4168.0000 4168.0000 1305.0714 1.1411 1304.0000 1308.0000 362.0798 183.4262 0.0000 7046.0000 -17.2857 5.1190 -27.0000 -8.0000 3.1937 0.0028 3.1865 3.1963
13.0000 6136.9231 2908.2345 3040.0000 11076.0000 16.3846 0.5064 16.0000 17.0000 4168.0000 0.0000 4168.0000 4168.0000 1305.1538 1.1435 1304.0000 1308.0000 395.2500 178.8750 0.0000 7056.0000 -17.5385 5.2274 -27.0000 -8.0000 3.1935 0.0028 3.1865 3.1963
12.0000 6731.0833 2680.5738 3040.0000 11076.0000 16.4167 0.5149 16.0000 17.0000 4168.0000 0.0000 4168.0000 4168.0000 1305.1667 0.9374 1304.0000 1308.0000 433.6986 164.6432 0.0000 7056.0000 -17.6667 5.4212 -27.0000 -8.0000 3.1935 0.0023 3.1865 3.1963
13.0000 6449.6154 2761.5090 3040.0000 11076.0000 16.4615 0.5189 16.0000 17.0000 4168.0000 0.0000 4168.0000 4168.0000 1305.3077 1.2506 1304.0000 1308.0000 413.8253 169.4541 0.0000 7056.0000 -17.5385 5.2274 -27.0000 -8.0000 3.1931 0.0031 3.1865 3.1963
12.0000 6735.5000 2678.7148 3050.0000 11076.0000 16.4167 0.5149 16.0000 17.0000 4168.0000 0.0000 4168.0000 4168.0000 1305.3333 1.3027 1304.0000 1308.0000 433.9868 164.5135 0.0000 7056.0000 -17.6667 5.4212 -27.0000 -8.0000 3.1931 0.0032 3.1865 3.1963
12.0000 7400.8333 2674.3212 3062.0000 11076.0000 16.5833 0.5149 16.0000 17.0000 4168.0000 0.0000 4168.0000 4168.0000 1305.0833 0.9962 1304.0000 1308.0000 472.0542 162.8544 0.0000 7056.0000 -17.6667 5.4212 -27.0000 -8.0000 3.1937 0.0024 3.1865 3.1963
12.0000 6731.5833 2675.1991 3050.0000 11073.0000 16.4167 0.5149 16.0000 17.0000 4168.0000 0.0000 4168.0000 4168.0000 1305.4167 1.2401 1304.0000 1308.0000 433.7323 164.2801 0.0000 7056.0000 -17.6667 5.4212 -27.0000 -8.0000 3.1929 0.0030 3.1865 3.1963
12.0000 7063.5000 2414.3709 3050.0000 11073.0000 16.5000 0.5222 16.0000 17.0000 4168.0000 0.0000 4168.0000 4168.0000 1305.3333 1.3027 1304.0000 1308.0000 453.4062 147.6636 0.0000 7046.0000 -17.6667 5.4212 -27.0000 -8.0000 3.1931 0.0032 3.1865 3.1963
12.0000 7398.0833 2677.4129 3050.0000 11073.0000 16.5833 0.5149 16.0000 17.0000 4168.0000 0.0000 4168.0000 4168.0000 1305.3333 1.3027 1304.0000 1308.0000 471.8635 163.0359 0.0000 7048.0000 -17.6667 5.4212 -27.0000 -8.0000 3.1931 0.0032 3.1865 3.1963
11.0000 7792.0000 2414.3612 3050.0000 11073.0000 16.5455 0.5222 16.0000 17.0000 4168.0000 0.0000 4168.0000 4168.0000 1305.1818 0.9816 1304.0000 1308.0000 498.8633 145.4576 0.0000 7048.0000 -16.9091 5.0173 -27.0000 -8.0000 3.1934 0.0024 3.1865 3.1963
12.0000 7396.5000 2677.2193 3050.0000 11073.0000 16.5833 0.5149 16.0000 17.0000 4168.0000 0.0000 4168.0000 4168.0000 1305.3333 1.3027 1304.0000 1308.0000 471.7622 163.0274 0.0000 7048.0000 -17.6667 5.4212 -27.0000 -8.0000 3.1931 0.0032 3.1865 3.1963
12.0000 7397.0000 2677.4218 3050.0000 11073.0000 16.5000 0.5222 16.0000 17.0000 4168.0000 0.0000 4168.0000 4168.0000 1305.3333 1.3027 1304.0000 1308.0000 474.2448 162.7583 0.0000 7048.0000 -17.6667 5.4212 -27.0000 -8.0000 3.1931 0.0032 3.1865 3.1963
12.0000 7062.8333 2960.2466 3034.0000 11073.0000 16.5000 0.5222 16.0000 17.0000 4168.0000 0.0000 4168.0000 4168.0000 1305.0833 0.9962 1304.0000 1308.0000 451.9670 180.7173 0.0000 7048.0000 -17.6667 5.4212 -27.0000 -8.0000 3.1937 0.0024 3.1865 3.1963
12.0000 7062.0833 2960.2432 3034.0000 11073.0000 16.5000 0.5222 16.0000 17.0000 4168.0000 0.0000 4168.0000 4168.0000 1305.4167 1.2401 1304.0000 1308.0000 451.9174 180.7123 0.0000 7048.0000 -17.6667 5.4212 -27.0000 -8.0000 3.1929 0.0030 3.1865 3.1963
12.0000 6725.0833 2678.9267 3034.0000 11066.0000 16.4167 0.5149 16.0000 17.0000 4168.0000 0.0000 4168.0000 4168.0000 1305.3333 1.3027 1304.0000 1308.0000 433.3024 164.5237 0.0000 7042.0000 -17.6667 5.4212 -27.0000 -8.0000 3.1931 0.0032 3.1865 3.1963
13.0000 5824.6923 2525.7918 3034.0000 11056.0000 16.3846 0.5064 16.0000 17.0000 4168.0000 0.0000 4168.0000 4168.0000 1305.2308 1.3009 1304.0000 1308.0000 375.7189 156.0632 0.0000 7038.0000 -17.5385 5.2274 -27.0000 -8.0000 3.1933 0.0032 3.1865 3.1963
13.0000 6440.7692 2758.6353 3034.0000 11056.0000 16.3846 0.5064 16.0000 17.0000 4168.0000 0.0000 4168.0000 4168.0000 1305.2308 1.3009 1304.0000 1308.0000 415.5115 169.8726 0.0000 7038.0000 -17.5385 5.2274 -27.0000 -8.0000 3.1933 0.0032 3.1865 3.1963
13.0000 5516.1538 2606.8026 3034.0000 11051.0000 16.3077 0.4804 16.0000 17.0000 4168.0000 0.0000 4168.0000 4168.0000 1305.0769 1.3821 1304.0000 1308.0000 357.4141 161.6628 0.0000 7038.0000 -17.5385 5.2274 -27.0000 -8.0000 3.1937 0.0034 3.1865 3.1963
14.0000 6197.0714 2798.9146 3040.0000 11051.0000 16.4286 0.5136 16.0000 17.0000 4168.0000 0.0000 4168.0000 4168.0000 1304.7857 1.4769 1303.0000 1308.0000 398.1610 171.9058 0.0000 7038.0000 -17.2857 5.1190 -27.0000 -8.0000 3.1944 0.0036 3.1865 3.1988
13.0000 6127.6154 2900.6452 3040.0000 11051.0000 16.3846 0.5064 16.0000 17.0000 4168.0000 0.0000 4168.0000 4168.0000 1304.5385 1.1983 1303.0000 1308.0000 394.6433 178.3708 0.0000 7038.0000 -17.5385 5.2274 -27.0000 -8.0000 3.1950 0.0029 3.1865 3.1988
14.0000 5333.7143 3025.9721 3038.0000 11051.0000 16.2857 0.4688 16.0000 17.0000 4168.0000 0.0000 4168.0000 4168.0000 1304.5714 1.1579 1303.0000 1308.0000 344.8071 186.0087 0.0000 7038.0000 -17.2857 5.1190 -27.0000 -8.0000 3.1949 0.0028 3.1865 3.1988
15.0000 5716.4000 3270.7917 3038.0000 11061.0000 16.3333 0.4880 16.0000 17.0000 4168.0000 0.0000 4168.0000 4168.0000 1304.6667 1.2910 1303.0000 1308.0000 367.9586 200.4128 0.0000 7040.0000 -17.3333 4.9486 -27.0000 -8.0000 3.1947 0.0032 3.1865 3.1988
14.0000 5333.5000 3027.9791 3038.0000 11061.0000 16.2857 0.4688 16.0000 17.0000 4168.0000 0.0000 4168.0000 4168.0000 1304.5000 0.9405 1303.0000 1307.0000 344.7827 186.1107 0.0000 7040.0000 -17.2857 5.1190 -27.0000 -8.0000 3.1951 0.0023 3.1890 3.1988
14.0000 5906.6429 2910.3015 3038.0000 11061.0000 16.3571 0.4972 16.0000 17.0000 4168.0000 0.0000 4168.0000 4168.0000 1304.6429 0.9288 1303.0000 1307.0000 380.8905 179.1180 0.0000 7040.0000 -17.2857 5.1190 -27.0000 -8.0000 3.1947 0.0023 3.1890 3.1988
13.0000 5821.9231 2530.0172 3038.0000 11061.0000 16.3077 0.4804 16.0000 17.0000 4168.0000 0.0000 4168.0000 4168.0000 1305.1538 1.1435 1304.0000 1308.0000 377.7862 157.5436 0.0000 7040.0000 -17.5385 5.2274 -27.0000 -8.0000 3.1935 0.0028 3.1865 3.1963
14.0000 5911.7857 2453.8953 3038.0000 11061.0000 16.3571 0.4972 16.0000 17.0000 4168.0000 0.0000 4168.0000 4168.0000 1305.0714 1.1411 1304.0000 1308.0000 382.4122 152.3605 0.0000 7040.0000 -17.2857 5.1190 -27.0000 -8.0000 3.1937 0.0028 3.1865 3.1963
13.0000 6135.0769 2401.5314 3041.0000 11061.0000 16.3846 0.5064 16.0000 17.0000 4168.0000 0.0000 4168.0000 4168.0000 1305.1538 1.1435 1304.0000 1308.0000 396.3978 148.9373 0.0000 7040.0000 -17.5385 5.2274 -27.0000 -8.0000 3.1935 0.0028 3.1865 3.1963
13.0000 5518.8462 2027.4067 3036.0000 7068.0000 16.3077 0.4804 16.0000 17.0000 4168.0000 0.0000 4168.0000 4168.0000 1305.0769 1.1875 1304.0000 1308.0000 358.8689 128.2562 0.0000 7032.0000 -17.5385 5.2274 -27.0000 -8.0000 3.1937 0.0029 3.1865 3.1963
14.0000 5913.7857 2445.9777 3036.0000 11056.0000 16.3571 0.4972 16.0000 17.0000 4168.0000 0.0000 4168.0000 4168.0000 1305.0714 1.1411 1304.0000 1308.0000 382.5545 151.8437 0.0000 7032.0000 -17.2857 5.1190 -27.0000 -8.0000 3.1937 0.0028 3.1865 3.1963
14.0000 5625.6429 2535.2762 3036.0000 11056.0000 16.3571 0.4972 16.0000 17.0000 4168.0000 0.0000 4168.0000 4168.0000 1305.0714 1.1411 1304.0000 1308.0000 363.3485 156.6962 0.0000 7031.0000 -17.2857 5.1190 -27.0000 -8.0000 3.1937 0.0028 3.1865 3.1963
14.0000 5909.2857 2906.3423 3036.0000 11058.0000 16.3571 0.4972 16.0000 17.0000 4168.0000 0.0000 4168.0000 4168.0000 1305.0714 1.1411 1304.0000 1308.0000 381.0699 178.8451 0.0000 7031.0000 -17.2857 5.1190 -27.0000 -8.0000 3.1937 0.0028 3.1865 3.1963
14.0000 5908.5000 2906.0072 3036.0000 11058.0000 16.3571 0.4972 16.0000 17.0000 4168.0000 0.0000 4168.0000 4168.0000 1305.0714 1.1411 1304.0000 1308.0000 381.0238 178.8368 0.0000 7041.0000 -17.2857 5.1190 -27.0000 -8.0000 3.1937 0.0028 3.1865 3.1963
14.0000 5906.8571 2907.7436 3036.0000 11058.0000 16.3571 0.4972 16.0000 17.0000 4168.0000 0.0000 4168.0000 4168.0000 1305.0714 1.1411 1304.0000 1308.0000 380.9143 178.9538 0.0000 7041.0000 -17.2857 5.1190 -27.0000 -8.0000 3.1937 0.0028 3.1865 3.1963
13.0000 5817.0000 3008.6134 3036.0000 11058.0000 16.3077 0.4804 16.0000 17.0000 4168.0000 0.0000 4168.0000 4168.0000 1305.1538 1.1435 1304.0000 1308.0000 376.1939 185.5079 0.0000 7041.0000 -17.5385 5.2274 -27.0000 -8.0000 3.1935 0.0028 3.1865 3.1963
13.0000 5821.5385 3012.7483 3036.0000 11075.0000 16.3846 0.5064 16.0000 17.0000 4168.0000 0.0000 4168.0000 4168.0000 1305.0769 1.1875 1304.0000 1308.0000 374.2205 184.7002 0.0000 7046.0000 -17.5385 5.2274 -27.0000 -8.0000 3.1937 0.0029 3.1865 3.1963
13.0000 5825.0000 3009.8552 3037.0000 11075.0000 16.3077 0.4804 16.0000 17.0000 4168.0000 0.0000 4168.0000 4168.0000 1305.0769 1.1875 1304.0000 1308.0000 376.7109 185.5640 0.0000 7046.0000 -17.5385 5.2274 -27.0000 -8.0000 3.1937 0.0029 3.1865 3.1963
14.0000 5343.7143 2591.7570 3037.0000 11075.0000 16.2857 0.4688 16.0000 17.0000 4168.0000 0.0000 4168.0000 4168.0000 1305.0714 1.1411 1304.0000 1308.0000 346.6470 160.7836 0.0000 7046.0000 -17.2857 5.1190 -27.0000 -8.0000 3.1937 0.0028 3.1865 3.1963
14.0000 4773.8571 2591.7072 3037.0000 11075.0000 16.2143 0.4258 16.0000 17.0000 4168.0000 0.0000 4168.0000 4168.0000 1305.0000 1.1767 1304.0000 1308.0000 310.7539 160.3793 0.0000 7046.0000 -17.2857 5.1190 -27.0000 -8.0000 3.1939 0.0029 3.1865 3.1963
15.0000 5460.5333 2949.6211 3040.0000 11075.0000 16.3333 0.4880 16.0000 17.0000 4168.0000 0.0000 4168.0000 4168.0000 1304.7333 1.2799 1303.0000 1308.0000 352.0039 180.9293 0.0000 7046.0000 -17.3333 4.9486 -27.0000 -8.0000 3.1945 0.0031 3.1865 3.1988
13.0000 6140.7692 2899.6663 3056.0000 11075.0000 16.3846 0.5064 16.0000 17.0000 4168.0000 0.0000 4168.0000 4168.0000 1304.6923 1.1821 1303.0000 1308.0000 395.5019 178.2813 0.0000 7046.0000 -17.5385 5.2274 -27.0000 -8.0000 3.1946 0.0029 3.1865 3.1988
13.0000 5830.0769 2518.1952 3056.0000 11052.0000 16.3077 0.4804 16.0000 17.0000 4168.0000 0.0000 4168.0000 4168.0000 1304.7692 1.1658 1303.0000 1308.0000 378.3446 156.8031 0.0000 7044.0000 -17.5385 5.2274 -27.0000 -8.0000 3.1944 0.0029 3.1865 3.1988
13.0000 6443.4615 2752.6236 3056.0000 11057.0000 16.4615 0.5189 16.0000 17.0000 4168.0000 0.0000 4168.0000 4168.0000 1304.7692 1.1658 1303.0000 1308.0000 413.4340 168.8709 0.0000 7044.0000 -17.5385 5.2274 -27.0000 -8.0000 3.1944 0.0029 3.1865 3.1988
12.0000 6722.0000 2671.1628 3056.0000 11057.0000 16.5000 0.5222 16.0000 17.0000 4168.0000 0.0000 4168.0000 4168.0000 1304.6667 1.2309 1303.0000 1308.0000 430.6632 163.6200 0.0000 7037.0000 -17.6667 5.4212 -27.0000 -8.0000 3.1947 0.0030 3.1865 3.1988
12.0000 7054.8333 2410.5949 3058.0000 11057.0000 16.5000 0.5222 16.0000 17.0000 4168.0000 0.0000 4168.0000 4168.0000 1304.8333 1.1934 1303.0000 1308.0000 452.8521 147.4184 0.0000 7037.0000 -17.6667 5.4212 -27.0000 -8.0000 3.1943 0.0029 3.1865 3.1988
12.0000 6053.2500 2488.3523 3039.0000 11057.0000 16.3333 0.4924 16.0000 17.0000 4168.0000 0.0000 4168.0000 4168.0000 1305.0000 1.0445 1304.0000 1308.0000 392.3656 154.7606 0.0000 7037.0000 -17.6667 5.4212 -27.0000 -8.0000 3.1939 0.0026 3.1865 3.1963
14.0000 6197.3571 2805.0606 3035.0000 11089.0000 16.4286 0.5136 16.0000 17.0000 4168.0000 0.0000 4168.0000 4168.0000 1305.0714 1.1411 1304.0000 1308.0000 398.1676 172.2601 0.0000 7064.0000 -17.2857 5.1190 -27.0000 -8.0000 3.1937 0.0028 3.1865 3.1963
13.0000 6130.4615 2907.9541 3035.0000 11089.0000 16.3846 0.5064 16.0000 17.0000 4168.0000 0.0000 4168.0000 4168.0000 1305.0769 1.1875 1304.0000 1308.0000 394.8189 178.8164 0.0000 7064.0000 -17.5385 5.2274 -27.0000 -8.0000 3.1937 0.0029 3.1865 3.1963
14.0000 5625.8571 2543.2937 3035.0000 11089.0000 16.2857 0.4688 16.0000 17.0000 4168.0000 0.0000 4168.0000 4168.0000 1305.0714 1.1411 1304.0000 1308.0000 365.4563 158.5221 0.0000 7064.0000 -17.2857 5.1190 -27.0000 -8.0000 3.1937 0.0028 3.1865 3.1963
15.0000 5721.2000 2902.6752 3035.0000 11089.0000 16.3333 0.4880 16.0000 17.0000 4168.0000 0.0000 4168.0000 4168.0000 1305.0667 1.0998 1304.0000 1308.0000 369.3825 178.7786 0.0000 7064.0000 -17.3333 4.9486 -27.0000 -8.0000 3.1937 0.0027 3.1865 3.1963
14.0000 5910.1429 2913.3759 3035.0000 11089.0000 16.3571 0.4972 16.0000 17.0000 4168.0000 0.0000 4168.0000 4168.0000 1305.0714 1.1411 1304.0000 1308.0000 381.1193 179.3161 0.0000 7064.0000 -17.2857 5.1190 -27.0000 -8.0000 3.1937 0.0028 3.1865 3.1963
14.0000 6766.7143 2927.4192 3035.0000 11089.0000 16.5000 0.5189 16.0000 17.0000 4168.0000 0.0000 4168.0000 4168.0000 1305.2143 1.0509 1304.0000 1308.0000 432.8393 179.0176 0.0000 7064.0000 -17.2857 5.1190 -27.0000 -8.0000 3.1933 0.0026 3.1865 3.1963
12.0000 6716.0833 2675.7959 3041.0000 11049.0000 16.4167 0.5149 16.0000 17.0000 4168.0000 0.0000 4168.0000 4168.0000 1305.4167 1.2401 1304.0000 1308.0000 432.7215 164.3336 0.0000 7044.0000 -17.6667 5.4212 -27.0000 -8.0000 3.1929 0.0030 3.1865 3.1963
13.0000 6433.8462 2757.9230 3036.0000 11049.0000 16.4615 0.5189 16.0000 17.0000 4168.0000 0.0000 4168.0000 4168.0000 1305.2308 1.3009 1304.0000 1308.0000 412.7974 169.2209 0.0000 7044.0000 -17.5385 5.2274 -27.0000 -8.0000 3.1933 0.0032 3.1865 3.1963
12.0000 7381.0833 3174.5174 3036.0000 11056.0000 16.5833 0.5149 16.0000 17.0000 4168.0000 0.0000 4168.0000 4168.0000 1305.0833 1.4434 1304.0000 1308.0000 469.3802 193.3847 0.0000 7035.0000 -17.6667 5.4212 -27.0000 -8.0000 3.1937 0.0035 3.1865 3.1963
10.0000 7848.2000 3159.5583 3036.0000 11056.0000 16.6000 0.5164 16.0000 17.0000 4168.0000 0.0000 4168.0000 4168.0000 1304.8000 1.2293 1304.0000 1308.0000 498.9175 191.8320 0.0000 7035.0000 -17.2000 5.1730 -27.0000 -8.0000 3.1944 0.0030 3.1865 3.1963
11.0000 8502.1818 3239.3118 3036.0000 11056.0000 16.7273 0.4671 16.0000 17.0000 4168.0000 0.0000 4168.0000 4168.0000 1304.6364 1.2060 1304.0000 1308.0000 536.3580 197.0199 0.0000 7035.0000 -16.9091 5.0173 -27.0000 -8.0000 3.1948 0.0029 3.1865 3.1963
9.0000 8825.7778 2908.6945 3036.0000 11056.0000 16.6667 0.5000 16.0000 17.0000 4168.0000 0.0000 4168.0000 4168.0000 1304.4444 1.3333 1304.0000 1308.0000 559.5398 174.4581 0.0000 7035.0000 -16.1111 4.2281 -23.0000 -8.0000 3.1952 0.0033 3.1865 3.1963
11.0000 8500.2727 3238.4050 3036.0000 11056.0000 16.7273 0.4671 16.0000 17.0000 4168.0000 0.0000 4168.0000 4168.0000 1304.2727 0.9045 1304.0000 1307.0000 536.2379 196.9590 0.0000 7035.0000 -16.9091 5.0173 -27.0000 -8.0000 3.1957 0.0022 3.1890 3.1963
10.0000 9045.8000 2829.6911 3045.0000 11056.0000 16.7000 0.4830 16.0000 17.0000 4168.0000 0.0000 4168.0000 4168.0000 1304.4000 0.9661 1304.0000 1307.0000 572.5042 169.5387 0.0000 7035.0000 -17.2000 5.1730 -27.0000 -8.0000 3.1953 0.0024 3.1890 3.1963
10.0000 8242.9000 2700.5086 3045.0000 11051.0000 16.6000 0.5164 16.0000 17.0000 4168.0000 0.0000 4168.0000 4168.0000 1304.6000 0.9661 1304.0000 1307.0000 525.2542 162.1627 0.0000 7034.0000 -17.2000 5.1730 -27.0000 -8.0000 3.1949 0.0024 3.1890 3.1963
11.0000 8133.3636 2587.5572 3045.0000 11051.0000 16.6364 0.5045 16.0000 17.0000 4168.0000 0.0000 4168.0000 4168.0000 1304.7273 0.9045 1304.0000 1307.0000 517.4924 155.9800 0.0000 7034.0000 -16.9091 5.0173 -27.0000 -8.0000 3.1945 0.0022 3.1890 3.1963
11.0000 7410.0909 2157.0158 3045.0000 11051.0000 16.5455 0.5222 16.0000 17.0000 4168.0000 0.0000 4168.0000 4168.0000 1305.0909 1.3003 1304.0000 1308.0000 474.9629 130.9878 0.0000 7034.0000 -16.9091 5.0173 -27.0000 -8.0000 3.1937 0.0032 3.1865 3.1963
12.0000 7381.5833 2058.9976 3045.0000 11051.0000 16.5833 0.5149 16.0000 17.0000 4168.0000 0.0000 4168.0000 4168.0000 1305.1667 1.1934 1304.0000 1308.0000 472.2017 125.2843 0.0000 7040.0000 -17.6667 5.4212 -27.0000 -8.0000 3.1935 0.0029 3.1865 3.1963
11.0000 8141.3636 1867.2810 7035.0000 11051.0000 16.6364 0.5045 16.0000 17.0000 4168.0000 0.0000 4168.0000 4168.0000 1305.1818 0.9816 1304.0000 1308.0000 519.5212 110.6363 0.0000 7040.0000 -16.9091 5.0173 -27.0000 -8.0000 3.1934 0.0024 3.1865 3.1963
11.0000 8140.0909 1868.1016 7035.0000 11051.0000 16.6364 0.5045 16.0000 17.0000 4168.0000 0.0000 4168.0000 4168.0000 1305.1818 0.9816 1304.0000 1308.0000 519.4364 110.6782 0.0000 7040.0000 -16.9091 5.0173 -27.0000 -8.0000 3.1934 0.0024 3.1865 3.1963
12.0000 7717.5000 2309.4736 3044.0000 11051.0000 16.5833 0.5149 16.0000 17.0000 4168.0000 0.0000 4168.0000 4168.0000 1305.3333 1.3027 1304.0000 1308.0000 493.1962 139.5468 0.0000 7040.0000 -17.6667 5.4212 -27.0000 -8.0000 3.1931 0.0032 3.1865 3.1963
12.0000 7050.5000 2414.2202 3037.0000 11049.0000 16.5000 0.5222 16.0000 17.0000 4168.0000 0.0000 4168.0000 4168.0000 1305.3333 1.3027 1304.0000 1308.0000 452.5632 147.6631 0.0000 7040.0000 -17.6667 5.4212 -27.0000 -8.0000 3.1931 0.0032 3.1865 3.1963
12.0000 7380.7500 2677.0371 3037.0000 11054.0000 16.5000 0.5222 16.0000 17.0000 4168.0000 0.0000 4168.0000 4168.0000 1305.1667 0.9374 1304.0000 1308.0000 473.1969 162.7525 0.0000 7040.0000 -17.6667 5.4212 -27.0000 -8.0000 3.1935 0.0023 3.1865 3.1963
12.0000 7044.3333 2958.5075 3033.0000 11054.0000 16.5000 0.5222 16.0000 17.0000 4168.0000 0.0000 4168.0000 4168.0000 1305.3333 1.3027 1304.0000 1308.0000 450.7722 180.6071 0.0000 7029.0000 -17.6667 5.4212 -27.0000 -8.0000 3.1931 0.0032 3.1865 3.1963
12.0000 6375.6667 2313.2922 3033.0000 11054.0000 16.4167 0.5149 16.0000 17.0000 4168.0000 0.0000 4168.0000 4168.0000 1305.3333 1.3027 1304.0000 1308.0000 411.4226 143.2622 0.0000 7029.0000 -17.6667 5.4212 -27.0000 -8.0000 3.1931 0.0032 3.1865 3.1963
13.0000 6120.5385 2399.6255 3033.0000 11054.0000 16.3846 0.5064 16.0000 17.0000 4168.0000 0.0000 4168.0000 4168.0000 1305.3077 1.2506 1304.0000 1308.0000 395.4619 148.8454 0.0000 7029.0000 -17.5385 5.2274 -27.0000 -8.0000 3.1931 0.0031 3.1865 3.1963
13.0000 5813.4615 2523.4192 3033.0000 11054.0000 16.3846 0.5064 16.0000 17.0000 4168.0000 0.0000 4168.0000 4168.0000 1305.3846 1.1929 1304.0000 1308.0000 374.9894 155.9010 0.0000 7027.0000 -17.5385 5.2274 -27.0000 -8.0000 3.1929 0.0029 3.1865 3.1963
13.0000 6122.3077 2397.8656 3033.0000 11054.0000 16.3846 0.5064 16.0000 17.0000 4168.0000 0.0000 4168.0000 4168.0000 1305.5385 1.1983 1304.0000 1308.0000 395.5756 148.7144 0.0000 7027.0000 -17.5385 5.2274 -27.0000 -8.0000 3.1926 0.0029 3.1865 3.1963
13.0000 6124.7692 2401.4031 3033.0000 11072.0000 16.3846 0.5064 16.0000 17.0000 4168.0000 0.0000 4168.0000 4168.0000 1305.6923 1.1821 1304.0000 1308.0000 395.7340 148.9396 0.0000 7046.0000 -17.5385 5.2274 -27.0000 -8.0000 3.1922 0.0029 3.1865 3.1963
13.0000 6432.7692 2221.8749 3048.0000 11072.0000 16.3846 0.5064 16.0000 17.0000 4168.0000 0.0000 4168.0000 4168.0000 1305.9231 1.2558 1305.0000 1309.0000 416.2679 138.0384 0.0000 7046.0000 -17.5385 5.2274 -27.0000 -8.0000 3.1916 0.0031 3.1841 3.1939
13.0000 5818.6154 2526.2799 3039.0000 11072.0000 16.3077 0.4804 16.0000 17.0000 4168.0000 0.0000 4168.0000 4168.0000 1305.9231 1.2558 1305.0000 1309.0000 377.5801 157.3016 0.0000 7046.0000 -17.5385 5.2274 -27.0000 -8.0000 3.1916 0.0031 3.1841 3.1939
14.0000 6191.2857 2801.5088 3036.0000 11072.0000 16.4286 0.5136 16.0000 17.0000 4168.0000 0.0000 4168.0000 4168.0000 1305.6429 1.4469 1304.0000 1309.0000 397.7762 172.0370 0.0000 7046.0000 -17.2857 5.1190 -27.0000 -8.0000 3.1923 0.0035 3.1841 3.1963
12.0000 6714.7500 2679.8340 3036.0000 11072.0000 16.4167 0.5149 16.0000 17.0000 4168.0000 0.0000 4168.0000 4168.0000 1305.5000 1.3817 1304.0000 1309.0000 432.6267 164.5696 0.0000 7046.0000 -17.6667 5.4212 -27.0000 -8.0000 3.1926 0.0034 3.1841 3.1963
13.0000 6430.9231 2760.3599 3036.0000 11072.0000 16.3846 0.5064 16.0000 17.0000 4168.0000 0.0000 4168.0000 4168.0000 1305.3077 1.3156 1304.0000 1309.0000 414.8657 169.9629 0.0000 7046.0000 -17.5385 5.2274 -27.0000 -8.0000 3.1931 0.0032 3.1841 3.1963
13.0000 6119.9231 2397.8360 3036.0000 11044.0000 16.3846 0.5064 16.0000 17.0000 4168.0000 0.0000 4168.0000 4168.0000 1305.3846 1.5021 1304.0000 1309.0000 395.4234 148.7351 0.0000 7029.0000 -17.5385 5.2274 -27.0000 -8.0000 3.1929 0.0037 3.1841 3.1963
13.0000 6119.7692 2397.7721 3036.0000 11044.0000 16.3846 0.5064 16.0000 17.0000 4168.0000 0.0000 4168.0000 4168.0000 1304.9231 1.0377 1304.0000 1308.0000 395.4135 148.7308 0.0000 7029.0000 -17.5385 5.2274 -27.0000 -8.0000 3.1941 0.0025 3.1865 3.1963
13.0000 6121.0000 2396.0622 3036.0000 11044.0000 16.3846 0.5064 16.0000 17.0000 4168.0000 0.0000 4168.0000 4168.0000 1304.9231 1.0377 1304.0000 1308.0000 395.4955 148.6158 0.0000 7029.0000 -17.5385 5.2274 -27.0000 -8.0000 3.1941 0.0025 3.1865 3.1963
13.0000 5196.8462 2074.5408 3038.0000 7051.0000 16.2308 0.4385 16.0000 17.0000 4168.0000 0.0000 4168.0000 4168.0000 1305.1538 1.1435 1304.0000 1308.0000 339.6859 132.2472 0.0000 7029.0000 -17.5385 5.2274 -27.0000 -8.0000 3.1935 0.0028 3.1865 3.1963
14.0000 5328.8571 2053.4476 3038.0000 7055.0000 16.2857 0.4688 16.0000 17.0000 4168.0000 0.0000 4168.0000 4168.0000 1305.0714 1.1411 1304.0000 1308.0000 346.8705 129.8602 0.0000 7024.0000 -17.2857 5.1190 -27.0000 -8.0000 3.1937 0.0028 3.1865 3.1963
13.0000 5504.8462 2024.4236 3038.0000 7055.0000 16.3077 0.4804 16.0000 17.0000 4168.0000 0.0000 4168.0000 4168.0000 1305.0769 1.1875 1304.0000 1308.0000 357.9577 128.0786 0.0000 7024.0000 -17.5385 5.2274 -27.0000 -8.0000 3.1937 0.0029 3.1865 3.1963
15.0000 4909.8000 2066.8565 3036.0000 7056.0000 16.2667 0.4577 16.0000 17.0000 4168.0000 0.0000 4168.0000 4168.0000 1305.0000 1.1339 1304.0000 1308.0000 319.4889 129.5176 0.0000 7022.0000 -17.3333 4.9486 -27.0000 -8.0000 3.1939 0.0028 3.1865 3.1963
14.0000 4758.3571 2056.7022 3036.0000 7056.0000 16.2143 0.4258 16.0000 17.0000 4168.0000 0.0000 4168.0000 4168.0000 1305.0714 1.1411 1304.0000 1308.0000 310.9277 129.9359 0.0000 7023.0000 -17.2857 5.1190 -27.0000 -8.0000 3.1937 0.0028 3.1865 3.1963
14.0000 5329.5000 2058.6669 3036.0000 7056.0000 16.2857 0.4688 16.0000 17.0000 4168.0000 0.0000 4168.0000 4168.0000 1305.0714 1.1411 1304.0000 1308.0000 346.9068 130.1995 0.0000 7033.0000 -17.2857 5.1190 -27.0000 -8.0000 3.1937 0.0028 3.1865 3.1963
13.0000 6429.7692 2223.0595 3036.0000 11051.0000 16.4615 0.5189 16.0000 17.0000 4168.0000 0.0000 4168.0000 4168.0000 1305.0769 0.9541 1304.0000 1308.0000 413.8131 137.4323 0.0000 7033.0000 -17.5385 5.2274 -27.0000 -8.0000 3.1937 0.0023 3.1865 3.1963
13.0000 6429.0769 2222.8497 3036.0000 11051.0000 16.4615 0.5189 16.0000 17.0000 4168.0000 0.0000 4168.0000 4168.0000 1305.3077 1.2506 1304.0000 1308.0000 413.7708 137.4268 0.0000 7033.0000 -17.5385 5.2274 -27.0000 -8.0000 3.1931 0.0031 3.1865 3.1963
13.0000 6121.7692 2399.9967 3036.0000 11051.0000 16.3846 0.5064 16.0000 17.0000 4168.0000 0.0000 4168.0000 4168.0000 1305.3077 1.2506 1304.0000 1308.0000 395.5413 148.8735 0.0000 7033.0000 -17.5385 5.2274 -27.0000 -8.0000 3.1931 0.0031 3.1865 3.1963
11.0000 7046.3636 1789.5288 3048.0000 11051.0000 16.4545 0.5222 16.0000 17.0000 4168.0000 0.0000 4168.0000 4168.0000 1305.1818 0.9816 1304.0000 1308.0000 454.8970 109.9539 0.0000 7033.0000 -16.9091 5.0173 -27.0000 -8.0000 3.1934 0.0024 3.1865 3.1963
14.0000 6475.9286 2140.2173 3039.0000 11051.0000 16.4286 0.5136 16.0000 17.0000 4168.0000 0.0000 4168.0000 4168.0000 1305.2857 1.2044 1304.0000 1308.0000 417.9491 132.7538 0.0000 7033.0000 -17.2857 5.1190 -27.0000 -8.0000 3.1932 0.0029 3.1865 3.1963
14.0000 5903.5714 2447.4886 3039.0000 11051.0000 16.3571 0.4972 16.0000 17.0000 4168.0000 0.0000 4168.0000 4168.0000 1305.2857 1.2044 1304.0000 1308.0000 381.8890 151.9589 0.0000 7029.0000 -17.2857 5.1190 -27.0000 -8.0000 3.1932 0.0029 3.1865 3.1963
14.0000 5903.6429 2447.2727 3039.0000 11049.0000 16.3571 0.4972 16.0000 17.0000 4168.0000 0.0000 4168.0000 4168.0000 1305.1429 1.2924 1304.0000 1308.0000 381.8935 151.9449 0.0000 7028.0000 -17.2857 5.1190 -27.0000 -8.0000 3.1935 0.0032 3.1865 3.1963
14.0000 5618.2857 2536.1303 3039.0000 11049.0000 16.2857 0.4688 16.0000 17.0000 4168.0000 0.0000 4168.0000 4168.0000 1305.1429 1.2924 1304.0000 1308.0000 364.9658 158.0734 0.0000 7028.0000 -17.2857 5.1190 -27.0000 -8.0000 3.1935 0.0032 3.1865 3.1963
14.0000 6191.0000 2800.4173 3039.0000 11049.0000 16.4286 0.5136 16.0000 17.0000 4168.0000 0.0000 4168.0000 4168.0000 1305.0000 1.3587 1304.0000 1308.0000 397.7577 171.9765 0.0000 7029.0000 -17.2857 5.1190 -27.0000 -8.0000 3.1939 0.0033 3.1865 3.1963
14.0000 6761.7143 3316.6861 3039.0000 11049.0000 16.5000 0.5189 16.0000 17.0000 4168.0000 0.0000 4168.0000 4168.0000 1304.8571 1.4064 1304.0000 1308.0000 431.3301 202.4305 0.0000 7029.0000 -17.2857 5.1190 -27.0000 -8.0000 3.1942 0.0034 3.1865 3.1963
11.0000 7773.5455 3495.9649 3041.0000 11049.0000 16.6364 0.5045 16.0000 17.0000 4168.0000 0.0000 4168.0000 4168.0000 1304.5455 1.2136 1304.0000 1308.0000 491.9746 212.8832 0.0000 7029.0000 -16.9091 5.0173 -27.0000 -8.0000 3.1950 0.0030 3.1865 3.1963
10.0000 9046.2000 2827.0180 3043.0000 11049.0000 16.8000 0.4216 16.0000 17.0000 4168.0000 0.0000 4168.0000 4168.0000 1304.4000 1.2649 1304.0000 1308.0000 569.5925 171.5840 0.0000 7029.0000 -17.2000 5.1730 -27.0000 -8.0000 3.1953 0.0031 3.1865 3.1963
10.0000 8243.8000 3293.7187 3037.0000 11048.0000 16.6000 0.5164 16.0000 17.0000 4168.0000 0.0000 4168.0000 4168.0000 1304.7000 1.4944 1304.0000 1308.0000 523.6387 199.2862 0.0000 7029.0000 -17.2000 5.1730 -27.0000 -8.0000 3.1946 0.0037 3.1865 3.1963
10.0000 9045.0000 2828.4391 3037.0000 11048.0000 16.8000 0.4216 16.0000 17.0000 4168.0000 0.0000 4168.0000 4168.0000 1304.3000 0.9487 1304.0000 1307.0000 569.5087 171.6666 0.0000 7029.0000 -17.2000 5.1730 -27.0000 -8.0000 3.1956 0.0023 3.1890 3.1963
10.0000 8643.1000 2797.5624 3037.0000 11046.0000 16.7000 0.4830 16.0000 17.0000 4168.0000 0.0000 4168.0000 4168.0000 1304.5000 0.9718 1304.0000 1307.0000 547.3233 168.6139 0.0000 7024.0000 -17.2000 5.1730 -27.0000 -8.0000 3.1951 0.0024 3.1890 3.1963
10.0000 7843.5000 2530.5341 3037.0000 11046.0000 16.6000 0.5164 16.0000 17.0000 4168.0000 0.0000 4168.0000 4168.0000 1304.7000 0.9487 1304.0000 1307.0000 500.2850 152.9054 0.0000 7029.0000 -17.2000 5.1730 -27.0000 -8.0000 3.1946 0.0023 3.1890 3.1963
11.0000 7769.9091 2412.5527 3037.0000 11046.0000 16.5455 0.5222 16.0000 17.0000 4168.0000 0.0000 4168.0000 4168.0000 1305.0909 1.3003 1304.0000 1308.0000 497.4360 145.3377 0.0000 7029.0000 -16.9091 5.0173 -27.0000 -8.0000 3.1937 0.0032 3.1865 3.1963
12.0000 7376.7500 2060.7104 3037.0000 11046.0000 16.5000 0.5222 16.0000 17.0000 4168.0000 0.0000 4168.0000 4168.0000 1305.0833 1.2401 1304.0000 1308.0000 474.3250 124.9696 0.0000 7029.0000 -17.6667 5.4212 -27.0000 -8.0000 3.1937 0.0030 3.1865 3.1963
12.0000 8044.7500 1808.4227 7037.0000 11046.0000 16.6667 0.4924 16.0000 17.0000 4168.0000 0.0000 4168.0000 4168.0000 1305.0000 1.0445 1304.0000 1308.0000 512.5781 107.9208 0.0000 7029.0000 -17.6667 5.4212 -27.0000 -8.0000 3.1939 0.0026 3.1865 3.1963
11.0000 8134.2727 1868.1672 7037.0000 11045.0000 16.6364 0.5045 16.0000 17.0000 4168.0000 0.0000 4168.0000 4168.0000 1305.1818 0.9816 1304.0000 1308.0000 519.0625 110.6813 0.0000 7029.0000 -16.9091 5.0173 -27.0000 -8.0000 3.1934 0.0024 3.1865 3.1963
11.0000 7770.8182 2411.0828 3048.0000 11045.0000 16.5455 0.5222 16.0000 17.0000 4168.0000 0.0000 4168.0000 4168.0000 1305.4545 1.2933 1304.0000 1308.0000 497.5019 145.2494 0.0000 7029.0000 -16.9091 5.0173 -27.0000 -8.0000 3.1928 0.0032 3.1865 3.1963
11.0000 7769.6364 2411.4757 3048.0000 11045.0000 16.5455 0.5222 16.0000 17.0000 4168.0000 0.0000 4168.0000 4168.0000 1305.5455 1.2933 1304.0000 1308.0000 497.4258 145.2744 0.0000 7023.0000 -16.9091 5.0173 -27.0000 -8.0000 3.1925 0.0032 3.1865 3.1963
12.0000 7377.0833 2673.5883 3044.0000 11045.0000 16.5833 0.5149 16.0000 17.0000 4168.0000 0.0000 4168.0000 4168.0000 1305.5000 1.0000 1304.0000 1308.0000 470.5194 162.8046 0.0000 7023.0000 -17.6667 5.4212 -27.0000 -8.0000 3.1926 0.0024 3.1865 3.1963
11.0000 7406.8182 2802.0020 3044.0000 11045.0000 16.5455 0.5222 16.0000 17.0000 4168.0000 0.0000 4168.0000 4168.0000 1305.7273 0.9045 1305.0000 1308.0000 473.2356 170.4610 0.0000 7021.0000 -16.9091 5.0173 -27.0000 -8.0000 3.1921 0.0022 3.1865 3.1939
12.0000 6710.5000 2674.6228 3035.0000 11044.0000 16.4167 0.5149 16.0000 17.0000 4168.0000 0.0000 4168.0000 4168.0000 1306.0833 1.2401 1305.0000 1309.0000 432.3587 164.2485 0.0000 7031.0000 -17.6667 5.4212 -27.0000 -8.0000 3.1912 0.0030 3.1841 3.1939
13.0000 6428.3077 2219.1657 3035.0000 11042.0000 16.3846 0.5064 16.0000 17.0000 4168.0000 0.0000 4168.0000 4168.0000 1306.1538 1.1435 1305.0000 1309.0000 415.9833 137.9041 0.0000 7031.0000 -17.5385 5.2274 -27.0000 -8.0000 3.1911 0.0028 3.1841 3.1939
13.0000 6119.4615 2398.7566 3035.0000 11042.0000 16.3846 0.5064 16.0000 17.0000 4168.0000 0.0000 4168.0000 4168.0000 1306.0769 0.9541 1305.0000 1309.0000 395.3936 148.8042 0.0000 7031.0000 -17.5385 5.2274 -27.0000 -8.0000 3.1912 0.0023 3.1841 3.1939
14.0000 5900.2857 2447.9702 3035.0000 11042.0000 16.3571 0.4972 16.0000 17.0000 4168.0000 0.0000 4168.0000 4168.0000 1306.2857 1.2044 1305.0000 1309.0000 381.6759 152.0074 0.0000 7031.0000 -17.2857 5.1190 -27.0000 -8.0000 3.1907 0.0029 3.1841 3.1939
13.0000 6120.2308 2400.8826 3035.0000 11048.0000 16.3846 0.5064 16.0000 17.0000 4168.0000 0.0000 4168.0000 4168.0000 1306.3077 1.2506 1305.0000 1309.0000 395.4397 148.9348 0.0000 7031.0000 -17.5385 5.2274 -27.0000 -8.0000 3.1907 0.0031 3.1841 3.1939
13.0000 6121.3846 2401.3656 3035.0000 11048.0000 16.3846 0.5064 16.0000 17.0000 4168.0000 0.0000 4168.0000 4168.0000 1306.3077 1.2506 1305.0000 1309.0000 395.5167 148.9765 0.0000 7032.0000 -17.5385 5.2274 -27.0000 -8.0000 3.1907 0.0031 3.1841 3.1939
12.0000 6378.2500 2313.4735 3036.0000 11048.0000 16.4167 0.5149 16.0000 17.0000 4168.0000 0.0000 4168.0000 4168.0000 1306.4167 1.2401 1305.0000 1309.0000 411.5924 143.2921 0.0000 7032.0000 -17.6667 5.4212 -27.0000 -8.0000 3.1904 0.0030 3.1841 3.1939
13.0000 5505.6923 2606.3607 3036.0000 11048.0000 16.3077 0.4804 16.0000 17.0000 4168.0000 0.0000 4168.0000 4168.0000 1306.0769 1.4412 1304.0000 1309.0000 356.7266 161.6231 0.0000 7032.0000 -17.5385 5.2274 -27.0000 -8.0000 3.1912 0.0035 3.1841 3.1963
13.0000 6121.6923 2399.9642 3037.0000 11048.0000 16.3846 0.5064 16.0000 17.0000 4168.0000 0.0000 4168.0000 4168.0000 1290.5385 37.9904 1205.0000 1309.0000 395.5356 148.8719 0.0000 7032.0000 -17.5385 5.2274 -27.0000 -8.0000 3.2324 0.1006 3.1841 3.4589
12.0000 6379.0833 2312.3187 3039.0000 11048.0000 16.4167 0.5149 16.0000 17.0000 4168.0000 0.0000 4168.0000 4168.0000 1272.2500 49.6810 1205.0000 1309.0000 411.6469 143.2110 0.0000 7032.0000 -17.6667 5.4212 -27.0000 -8.0000 3.2808 0.1316 3.1841 3.4589
13.0000 5199.0769 2078.1353 3039.0000 7056.0000 16.2308 0.4385 16.0000 17.0000 4168.0000 0.0000 4168.0000 4168.0000 1251.7692 52.1155 1205.0000 1309.0000 339.8276 132.4732 0.0000 7032.0000 -17.5385 5.2274 -27.0000 -8.0000 3.3350 0.1380 3.1841 3.4589
16.0000 4545.4375 2000.5896 3039.0000 7054.0000 16.1875 0.4031 16.0000 17.0000 4168.0000 0.0000 4168.0000 4168.0000 1244.5000 45.5748 1204.0000 1309.0000 297.5224 126.3643 0.0000 7028.0000 -17.1875 4.8247 -27.0000 -8.0000 3.3533 0.1208 3.1841 3.4618
17.0000 3987.1176 1748.1340 3039.0000 7048.0000 16.1176 0.3321 16.0000 17.0000 4168.0000 0.0000 4168.0000 4168.0000 1237.5294 37.4218 1204.0000 1305.0000 262.3539 110.3650 0.0000 7028.0000 -17.1176 4.6889 -27.0000 -8.0000 3.3708 0.0997 3.1939 3.4618
17.0000 3987.4706 1747.9311 3040.0000 7048.0000 16.1176 0.3321 16.0000 17.0000 4168.0000 0.0000 4168.0000 4168.0000 1227.3529 21.4940 1204.0000 1247.0000 262.3775 110.3515 0.0000 7028.0000 -17.1176 4.6889 -27.0000 -8.0000 3.3969 0.0596 3.3424 3.4618
19.0000 3466.2105 1262.0463 3034.0000 7048.0000 16.0526 0.2294 16.0000 17.0000 4168.0000 0.0000 4168.0000 4168.0000 1233.8421 19.9116 1204.0000 1247.0000 229.5351 79.6566 0.0000 7028.0000 -18.0526 5.8172 -34.0000 -8.0000 3.3789 0.0552 3.3424 3.4618
20.0000 3044.7000 5.9392 3034.0000 3059.0000 16.0000 0.0000 16.0000 16.0000 4168.0000 0.0000 4168.0000 4168.0000 1238.7000 17.0451 1204.0000 1247.0000 202.9800 0.3959 0.0000 3037.0000 -17.7500 5.8213 -34.0000 -8.0000 3.3654 0.0473 3.3424 3.4618
20.0000 3043.7500 6.2144 3034.0000 3059.0000 16.0000 0.0000 16.0000 16.0000 4168.0000 0.0000 4168.0000 4168.0000 1244.8500 9.6151 1204.0000 1247.0000 202.9167 0.4143 0.0000 3037.0000 -17.7500 5.8213 -34.0000 -8.0000 3.3484 0.0267 3.3424 3.4618
20.0000 3043.4000 5.7711 3034.0000 3059.0000 16.0000 0.0000 16.0000 16.0000 4168.0000 0.0000 4168.0000 4168.0000 1247.0000 0.0000 1247.0000 1247.0000 202.8933 0.3847 0.0000 3037.0000 -17.7500 5.8213 -34.0000 -8.0000 3.3424 0.0000 3.3424 3.3424
20.0000 3042.7000 5.2925 3034.0000 3052.0000 16.0000 0.0000 16.0000 16.0000 4168.0000 0.0000 4168.0000 4168.0000 1247.0000 0.0000 1247.0000 1247.0000 202.8467 0.3528 0.0000 3032.0000 -17.7500 5.8213 -34.0000 -8.0000 3.3424 0.0000 3.3424 3.3424
20.0000 3042.6500 5.4025 3034.0000 3052.0000 16.0000 0.0000 16.0000 16.0000 4168.0000 0.0000 4168.0000 4168.0000 1247.0000 0.0000 1247.0000 1247.0000 202.8433 0.3602 0.0000 3032.0000 -17.7500 5.8213 -34.0000 -8.0000 3.3424 0.0000 3.3424 3.3424
19.0000 3254.2105 918.9650 3036.0000 7049.0000 16.0526 0.2294 16.0000 17.0000 4168.0000 0.0000 4168.0000 4168.0000 1246.5789 1.2612 1243.0000 1247.0000 215.4015 54.5263 0.0000 3963.0000 -18.0526 5.8172 -34.0000 -8.0000 3.3436 0.0034 3.3424 3.3532
18.0000 3933.6667 2196.2744 3036.0000 11051.0000 16.1111 0.3234 16.0000 17.0000 4168.0000 0.0000 4168.0000 4168.0000 1246.1111 1.7112 1243.0000 1247.0000 258.0546 135.3040 0.0000 7033.0000 -17.1667 4.5613 -27.0000 -8.0000 3.3448 0.0046 3.3424 3.3532
17.0000 3987.0000 2251.8244 3036.0000 11051.0000 16.1765 0.3930 16.0000 17.0000 4168.0000 0.0000 4168.0000 4168.0000 1245.5882 1.9704 1243.0000 1247.0000 260.6191 139.0846 0.0000 7033.0000 -17.1176 4.6889 -27.0000 -8.0000 3.3462 0.0053 3.3424 3.3532
17.0000 4456.7059 2427.6670 3036.0000 11051.0000 16.2353 0.4372 16.0000 17.0000 4168.0000 0.0000 4168.0000 4168.0000 1244.8235 2.0073 1243.0000 1247.0000 290.2064 150.8153 0.0000 7033.0000 -17.1176 4.6889 -27.0000 -8.0000 3.3483 0.0054 3.3424 3.3532
16.0000 4544.7500 2479.0932 3036.0000 11051.0000 16.2500 0.4472 16.0000 17.0000 4168.0000 0.0000 4168.0000 4168.0000 1244.1875 1.8337 1243.0000 1247.0000 295.6443 154.0304 0.0000 7033.0000 -17.1875 4.8247 -27.0000 -8.0000 3.3500 0.0049 3.3424 3.3532
16.0000 5296.2500 2911.8443 3036.0000 11051.0000 16.3750 0.5000 16.0000 17.0000 4168.0000 0.0000 4168.0000 4168.0000 1243.4375 1.2093 1243.0000 1247.0000 341.0307 179.3541 0.0000 7033.0000 -17.1875 4.8247 -27.0000 -8.0000 3.3520 0.0033 3.3424 3.3532
14.0000 5618.0714 2981.2586 3038.0000 11051.0000 16.3571 0.4972 16.0000 17.0000 4168.0000 0.0000 4168.0000 4168.0000 1243.2143 0.8018 1243.0000 1246.0000 362.8616 184.8527 0.0000 7033.0000 -17.2857 5.1190 -27.0000 -8.0000 3.3526 0.0022 3.3451 3.3532
15.0000 5179.0667 2560.2278 3038.0000 11047.0000 16.3333 0.4880 16.0000 17.0000 4168.0000 0.0000 4168.0000 4168.0000 1243.4000 1.0556 1243.0000 1246.0000 335.4853 159.6713 0.0000 7026.0000 -17.3333 4.9486 -27.0000 -8.0000 3.3521 0.0028 3.3451 3.3532
15.0000 5179.4000 2559.9300 3038.0000 11047.0000 16.2667 0.4577 16.0000 17.0000 4168.0000 0.0000 4168.0000 4168.0000 1243.4000 1.0556 1243.0000 1246.0000 336.3514 158.8582 0.0000 7026.0000 -17.3333 4.9486 -27.0000 -8.0000 3.3521 0.0028 3.3451 3.3532
14.0000 5617.0714 2979.0891 3038.0000 11047.0000 16.3571 0.4972 16.0000 17.0000 4168.0000 0.0000 4168.0000 4168.0000 1243.2143 0.8018 1243.0000 1246.0000 361.6065 182.6955 0.0000 7026.0000 -17.2857 5.1190 -27.0000 -8.0000 3.3526 0.0022 3.3451 3.3532
13.0000 6122.0000 2899.0402 3041.0000 11047.0000 16.3846 0.5064 16.0000 17.0000 4168.0000 0.0000 4168.0000 4168.0000 1243.2308 0.8321 1243.0000 1246.0000 394.2788 178.2594 0.0000 7026.0000 -17.5385 5.2274 -27.0000 -8.0000 3.3526 0.0022 3.3451 3.3532
13.0000 5813.6154 2520.9830 3041.0000 11040.0000 16.3077 0.4804 16.0000 17.0000 4168.0000 0.0000 4168.0000 4168.0000 1243.4615 1.1266 1243.0000 1246.0000 377.2606 156.9871 0.0000 7025.0000 -17.5385 5.2274 -27.0000 -8.0000 3.3519 0.0030 3.3451 3.3532
14.0000 5329.1429 2585.1359 3037.0000 11040.0000 16.2857 0.4688 16.0000 17.0000 4168.0000 0.0000 4168.0000 4168.0000 1243.4286 1.0894 1243.0000 1246.0000 345.6991 160.3720 0.0000 7025.0000 -17.2857 5.1190 -27.0000 -8.0000 3.3520 0.0029 3.3451 3.3532
13.0000 5812.8462 3005.4364 3037.0000 11048.0000 16.3846 0.5064 16.0000 17.0000 4168.0000 0.0000 4168.0000 4168.0000 1243.2308 0.8321 1243.0000 1246.0000 373.6670 184.2487 0.0000 7027.0000 -17.5385 5.2274 -27.0000 -8.0000 3.3526 0.0022 3.3451 3.3532
13.0000 6119.0000 2902.0296 3037.0000 11048.0000 16.3846 0.5064 16.0000 17.0000 4168.0000 0.0000 4168.0000 4168.0000 1243.4615 1.1266 1243.0000 1246.0000 394.0772 178.4526 0.0000 7027.0000 -17.5385 5.2274 -27.0000 -8.0000 3.3519 0.0030 3.3451 3.3532
14.0000 5330.2857 2587.0345 3037.0000 11048.0000 16.2857 0.4688 16.0000 17.0000 4168.0000 0.0000 4168.0000 4168.0000 1242.7857 1.9682 1239.0000 1246.0000 345.7667 160.4720 0.0000 7027.0000 -17.2857 5.1190 -27.0000 -8.0000 3.3538 0.0053 3.3451 3.3640
14.0000 5330.7143 2587.3396 3037.0000 11048.0000 16.2857 0.4688 16.0000 17.0000 4168.0000 0.0000 4168.0000 4168.0000 1242.5000 2.2101 1239.0000 1246.0000 345.7952 160.4957 0.0000 7027.0000 -17.2857 5.1190 -27.0000 -8.0000 3.3545 0.0060 3.3451 3.3640
13.0000 5813.6154 3005.3435 3037.0000 11048.0000 16.3846 0.5064 16.0000 17.0000 4168.0000 0.0000 4168.0000 4168.0000 1241.6154 2.3288 1239.0000 1246.0000 373.7144 184.2350 0.0000 7027.0000 -17.5385 5.2274 -27.0000 -8.0000 3.3569 0.0063 3.3451 3.3640
13.0000 6738.2308 3038.6621 3037.0000 11051.0000 16.4615 0.5189 16.0000 17.0000 4168.0000 0.0000 4168.0000 4168.0000 1241.0000 2.4152 1239.0000 1246.0000 431.8135 185.8463 0.0000 7027.0000 -17.5385 5.2274 -27.0000 -8.0000 3.3586 0.0065 3.3451 3.3640
13.0000 6121.1538 2900.1390 3037.0000 11051.0000 16.3846 0.5064 16.0000 17.0000 4168.0000 0.0000 4168.0000 4168.0000 1240.6154 2.3288 1239.0000 1246.0000 394.2212 178.3270 0.0000 7024.0000 -17.5385 5.2274 -27.0000 -8.0000 3.3596 0.0063 3.3451 3.3640
13.0000 6738.0000 3037.6485 3037.0000 11051.0000 16.4615 0.5189 16.0000 17.0000 4168.0000 0.0000 4168.0000 4168.0000 1239.8462 1.4632 1239.0000 1243.0000 431.8048 185.7946 0.0000 7028.0000 -17.5385 5.2274 -27.0000 -8.0000 3.3617 0.0040 3.3532 3.3640
11.0000 7407.9091 2802.8465 3042.0000 11051.0000 16.5455 0.5222 16.0000 17.0000 4168.0000 0.0000 4168.0000 4168.0000 1239.5455 0.9342 1239.0000 1242.0000 473.3064 170.5245 0.0000 7028.0000 -16.9091 5.0173 -27.0000 -8.0000 3.3625 0.0025 3.3559 3.3640
12.0000 8045.2500 3016.3537 3042.0000 11053.0000 16.6667 0.4924 16.0000 17.0000 4168.0000 0.0000 4168.0000 4168.0000 1239.6667 0.8876 1239.0000 1242.0000 509.8351 183.2075 0.0000 7028.0000 -17.6667 5.4212 -27.0000 -8.0000 3.3622 0.0024 3.3559 3.3640
11.0000 7772.4545 3005.2480 3042.0000 11053.0000 16.5455 0.5222 16.0000 17.0000 4168.0000 0.0000 4168.0000 4168.0000 1240.0909 1.3003 1239.0000 1243.0000 496.0898 182.0798 0.0000 7028.0000 -16.9091 5.0173 -27.0000 -8.0000 3.3610 0.0035 3.3532 3.3640
11.0000 7408.2727 2804.2213 3042.0000 11053.0000 16.5455 0.5222 16.0000 17.0000 4168.0000 0.0000 4168.0000 4168.0000 1240.1818 1.2505 1239.0000 1243.0000 473.3284 170.6091 0.0000 7028.0000 -16.9091 5.0173 -27.0000 -8.0000 3.3608 0.0034 3.3532 3.3640
12.0000 6711.6667 3173.7964 3039.0000 11053.0000 16.4167 0.5149 16.0000 17.0000 4168.0000 0.0000 4168.0000 4168.0000 1240.0000 1.0445 1239.0000 1243.0000 431.0438 194.2020 0.0000 7028.0000 -17.6667 5.4212 -27.0000 -8.0000 3.3613 0.0028 3.3532 3.3640
14.0000 5901.7143 2909.1510 3033.0000 11053.0000 16.3571 0.4972 16.0000 17.0000 4168.0000 0.0000 4168.0000 4168.0000 1240.0714 1.1411 1239.0000 1243.0000 380.5771 179.0598 0.0000 7033.0000 -17.2857 5.1190 -27.0000 -8.0000 3.3611 0.0031 3.3532 3.3640
14.0000 5616.3571 2983.2644 3033.0000 11053.0000 16.2857 0.4688 16.0000 17.0000 4168.0000 0.0000 4168.0000 4168.0000 1240.0714 1.1411 1239.0000 1243.0000 363.6503 184.1020 0.0000 7033.0000 -17.2857 5.1190 -27.0000 -8.0000 3.3611 0.0031 3.3532 3.3640
14.0000 5044.5714 2078.6184 3033.0000 7054.0000 16.2143 0.4258 16.0000 17.0000 4168.0000 0.0000 4168.0000 4168.0000 1239.9286 1.2067 1239.0000 1243.0000 330.0104 132.4656 0.0000 7033.0000 -17.2857 5.1190 -27.0000 -8.0000 3.3615 0.0033 3.3532 3.3640
16.0000 5044.1250 2067.5364 3033.0000 7054.0000 16.2500 0.4472 16.0000 17.0000 4168.0000 0.0000 4168.0000 4168.0000 1239.8125 0.9811 1239.0000 1242.0000 328.9354 130.6959 0.0000 7033.0000 -17.1875 4.8247 -27.0000 -8.0000 3.3618 0.0027 3.3559 3.3640
16.0000 5043.8750 2067.2814 3033.0000 7054.0000 16.2500 0.4472 16.0000 17.0000 4168.0000 0.0000 4168.0000 4168.0000 1239.8750 0.9574 1239.0000 1242.0000 328.9169 130.6683 0.0000 7033.0000 -17.1875 4.8247 -27.0000 -8.0000 3.3616 0.0026 3.3559 3.3640
15.0000 5711.0000 1953.2285 3033.0000 7054.0000 16.3333 0.4880 16.0000 17.0000 4168.0000 0.0000 4168.0000 4168.0000 1239.9333 0.9612 1239.0000 1242.0000 370.9464 123.6685 0.0000 7033.0000 -17.3333 4.9486 -27.0000 -8.0000 3.3615 0.0026 3.3559 3.3640
13.0000 5813.2308 1919.4644 3044.0000 7052.0000 16.3846 0.5064 16.0000 17.0000 4168.0000 0.0000 4168.0000 4168.0000 1240.0769 1.1875 1239.0000 1243.0000 376.2612 120.7891 0.0000 7026.0000 -17.5385 5.2274 -27.0000 -8.0000 3.3611 0.0032 3.3532 3.3640
13.0000 6119.0000 1754.9322 3030.0000 7052.0000 16.3846 0.5064 16.0000 17.0000 4168.0000 0.0000 4168.0000 4168.0000 1240.0769 1.1875 1239.0000 1243.0000 396.6458 111.3625 0.0000 7026.0000 -17.5385 5.2274 -27.0000 -8.0000 3.3611 0.0032 3.3532 3.3640
14.0000 5326.5000 2054.7756 3030.0000 7052.0000 16.2857 0.4688 16.0000 17.0000 4168.0000 0.0000 4168.0000 4168.0000 1240.0714 1.1411 1239.0000 1243.0000 346.7170 129.9593 0.0000 7026.0000 -17.2857 5.1190 -27.0000 -8.0000 3.3611 0.0031 3.3532 3.3640
14.0000 5325.4286 2056.3588 3030.0000 7052.0000 16.2857 0.4688 16.0000 17.0000 4168.0000 0.0000 4168.0000 4168.0000 1240.0714 1.1411 1239.0000 1243.0000 346.6449 130.0628 0.0000 7026.0000 -17.2857 5.1190 -27.0000 -8.0000 3.3611 0.0031 3.3532 3.3640
14.0000 4754.5714 2055.0097 3030.0000 7047.0000 16.2143 0.4258 16.0000 17.0000 4168.0000 0.0000 4168.0000 4168.0000 1240.0714 1.1411 1239.0000 1243.0000 310.6866 129.8599 0.0000 7026.0000 -17.2857 5.1190 -27.0000 -8.0000 3.3611 0.0031 3.3532 3.3640
15.0000 4642.1333 2030.5241 3030.0000 7056.0000 16.2000 0.4140 16.0000 17.0000 4168.0000 0.0000 4168.0000 4168.0000 1240.0667 1.2799 1239.0000 1243.0000 303.6064 128.2933 0.0000 7038.0000 -17.3333 4.9486 -27.0000 -8.0000 3.3611 0.0035 3.3532 3.3640
15.0000 4909.4667 2068.8416 3030.0000 7056.0000 16.2000 0.4140 16.0000 17.0000 4168.0000 0.0000 4168.0000 4168.0000 1239.8667 0.9904 1239.0000 1242.0000 321.4286 131.8387 0.0000 7038.0000 -17.3333 4.9486 -27.0000 -8.0000 3.3617 0.0027 3.3559 3.3640
15.0000 5177.6667 2068.5546 3030.0000 7056.0000 16.2667 0.4577 16.0000 17.0000 4168.0000 0.0000 4168.0000 4168.0000 1239.8667 0.9904 1239.0000 1242.0000 337.3494 130.8018 0.0000 7038.0000 -17.3333 4.9486 -27.0000 -8.0000 3.3617 0.0027 3.3559 3.3640
14.0000 6188.0714 2317.4289 3030.0000 11047.0000 16.4286 0.5136 16.0000 17.0000 4168.0000 0.0000 4168.0000 4168.0000 1240.0000 0.9608 1239.0000 1242.0000 398.7676 143.4436 0.0000 7038.0000 -17.2857 5.1190 -27.0000 -8.0000 3.3613 0.0026 3.3559 3.3640
12.0000 6380.8333 2309.7237 3046.0000 11047.0000 16.4167 0.5149 16.0000 17.0000 4168.0000 0.0000 4168.0000 4168.0000 1240.1667 1.1934 1239.0000 1243.0000 411.7667 143.0501 0.0000 7038.0000 -17.6667 5.4212 -27.0000 -8.0000 3.3608 0.0032 3.3532 3.3640
12.0000 7046.5000 1705.6201 3047.0000 11047.0000 16.5000 0.5222 16.0000 17.0000 4168.0000 0.0000 4168.0000 4168.0000 1240.0833 1.2401 1239.0000 1243.0000 453.6979 104.8845 0.0000 7038.0000 -17.6667 5.4212 -27.0000 -8.0000 3.3611 0.0034 3.3532 3.3640
